% this file:    KM_PGGL_2_32_t5_k7.txt
% group:        PGGL_2_32 
% group:        {\rm P}\Gamma {\rm L}_{2}(32) 
% order:        163680 
% degree:       33 
% # generators: 5 
% (3 4 6 10 18 7 12 22 15 28 19 9 16 30 31 33 29 21 5 8 14 26 23 17 32 27 25 13 24 11 20)
% (3 20 11 24 13 25 27 32 17 23 26 14 8 5 21 29 33 31 30 16 9 19 28 15 22 12 7 18 10 6 4)
% (2 3)(4 5)(6 7)(8 9)(10 11)(12 13)(14 15)(16 17)(18 19)(20 21)(22 23)(24 25)(26 27)(28 29)(30 31)(32 33)
% (1 3)(4 31)(5 21)(6 24)(7 10)(8 15)(9 17)(11 25)(12 19)(13 26)(14 16)(18 27)(20 30)(22 29)(23 33)(28 32)
% (4 6 18 15 29)(5 7 19 14 28)(8 22 31 24 27)(9 23 30 25 26)(10 12 16 32 21)(11 13 17 33 20)
% t, k:
% 5 7
% m, n:
3 32
15 10 20 6 20 15 15 20 15 25 15 15 20 10 10 25 15 10 20 15 10 5  5  5  5  10 5  5  5  6 1 0  
12 10 20 0 12 12 8  12 4  12 12 16 8  10 14 16 20 12 20 12 16 12 20 10 10 8  20 14 16 0 0 10 
15 6  12 3 14 15 16 14 17 13 15 14 15 6  5  12 13 16 12 15 15 17 15 7  7  17 15 6  16 3 4 8  

GENERATORS
ASCII 202
572050600<12102040608000:0<0>0012141618100:1<1>1027090305000?011;0=07191315170?1
12;1=160001210204130514021005031608170918061009071:0<1;0=1<0:100=0;1>002?01201>1
<111?160121000302050407060908000;0:0=0<0?0>0110100312151417161918100;1:1=1<1?1>1
120207601230201000?15181:0?01170910031:10180>090;1<000>150=11260;0=0211002614140
<171600<1210203060700021316171<0=0011100<1=10212?0>0;0:000?1>1;1:190805040009181
5141
ASCIIEND
SET-REPRESENTATIVES
ASCII 650
572080207=1020>8101020108;20101010:3102010200>2010101020572010200<30101010203057
2010200<401010102030:3402030200>5010101020>030407020500010101020304050200>501010
1020>030408020=08;2060101010102030407001200<601010102030>04050602060001010102030
4050:00720601010103020304050>0200860101010203040<170<02060100010102030407071200>
601010102070304070;12000601010102030407083>020601010101020304050>1200<6010101020
30>040506120600010101020304050210720601010103020304080>0200860101010203040=18012
200207207010101010203040506041200<701010102030704050607020007010101020304050<160
:020701000101020304070>0;107207010101010203040506071200<701010102030704050>02120
007010101020304050<1>08120701000101020304050:0110720701010101020304050:061200<70
101010203070405060<020007010101020304050<1:0412070100010102030405060010720701010
101020304050:0>1200<701010102030704050609020007010101020304050<16080207010001010
2030405060;007207010101010203040506051200<70101010203070405060612000701010102030
4050<160>020701000101020304050:0010720701010101020304050:031200<7010101020307040
50:08120007010101020304050<1:02120701000101020304050:0=00720701010101020304050:0
;0200<701010102030704050:0?020007010101020304050<1>09120701000101020304050>00107
20701010101020304050>071200<701010102030704070<0>120007010101020304070<1>0712070
10001010203040502151
ASCIIEND
STABILIZER-ORDERS
ASCII 88
372053109120?7063106=91063>1==4050==4010==2020==1010==2050==5050==2010==2020==60
10==2010==5010==1010==1010==1010==1010==2020==1010==1010==1010==1010==2020==1010
==2010==50500<20
ASCIIEND
STABILIZER-ORDER-K-SETS
1 2 1 5 1 1 1 1 1 1 1 1 1 2 2 1 1 1 1 1 1 1 1 2 2 1 1 2 1 5 5 2 
KM-MATRICES
ASCII 300
572070;0<=101010=11012;0101<10101002;0<=101010=110?1;0101<101010>1;0<=3010107010
405041;007=03010105010505050501010108?4040801?4040400820104030201010101020502030
10;0<=02=01000102010202020202030202040202020????;8202020204=20202030?040202020??
;>201010201010201020100420101010202020?1101010<<10201010642010101010321020301010
301010102020108;2020202091202020201076202040=?20>?50;>5050?95050<?10103?1050?;50
;;5050==50105?1050;?50?750:=505010;:2020209?2020<;202020361040202085201010202079
1010100<301010202020;410102020=31020206>2020202;202020403;201020?320207220402020
5=202020:<20202020>3106060??=?60?9306008
ASCIIEND
%
% TDO decomposition:
3 32
25 25 20 20 15 20 5  5  20 20 15 5  10 5  15 10 15 10 15 15 15 15 10 5  10 10 0  5  5  6 6 1 
16 12 20 20 20 8  20 20 12 12 4  12 8  16 16 16 8  12 12 12 12 12 14 14 10 10 10 10 10 0 0 0 
12 13 12 12 13 15 15 15 14 14 17 17 17 16 14 15 16 16 15 15 15 15 5  6  6  6  8  7  7  3 3 4 

%
% row decomposition:
% 1 1 1 
%
% column decomposition:
% 1 1 2 1 1 2 2 1 1 1 1 1 1 1 1 4 1 1 2 1 2 2 1 
%
% row permutation:
% 1 2 3 
%
% col permutation:
% 19 25 3 30 9 20 17 10 11 2 21 15 6 26 23 1 5 18 4 22 16 12 7 28 29 13 8 24 14 31 32 27 
LAMBDA 42
00000100000000001000000010000110
10000000000000001000000010000110
00000000001000001000000010000110
00000000000000001001000010000110
00010100000000001000000010000010

many more solutions here
.
.
.
LAMBDAEND 42

INTERSECTION-MATRIX K-ORBITS 2-SETS
ASCII 559
67;0102000011010;0207050800090=070<0809040=0004080=0=0<080809002;0;040>0;0609000
505040306020806000:0608080608060500050606040408020:0006010508060306020002050:020
808080600040<040:0204080:00080:0<04060404040602040804060200020804040:040:0800080
806050:08040:000406060605040408003604020?0?0:030:0?041:0:0?0;35050508=:050101008
606060;0:04060008060308090606060009060603010706020024030309060609000507090103080
4060007090704080303080006030<0201040606000908050901010307000;0707050:04030400090
602050301020:000:0:08080302080400040:0:06060404040006060404020201080808080602040
50800040:09080402010;00460603040307090008040409040609070005040403020304020023020
1090;020300050909050707060800030505040305010300030403060706080700070706080304050
60223070204050;00070704060406060300020704020703020200060>08060806040800080402020
804040200840>0>060<0606008802060204060600<406060;0705000404030308020206002201070
80409020006030407080706020001040606080:08040011060808010304000907040405040508001
60502010706080003040506030704020004080<05050:0603002701040:05050<001:02080205050
60<0408040:08040<060<0608040:08140606040602020:010302080<0204370:0603070041050
ASCIIEND
