10 -1073769736
1 2 5 8 9 3 6 7 10 4 11 14 17 18 12 15 16 19 13 20 23 26 27 21 24 25 28 22 29 32 35 36 30 33 34 37 31 38 41 44 45 39 42 43 46 40 47 50 53 54 48 51 52 55 49 56 59 62 63 57 60 61 64 58 65 68 71 72 66 69 70 73 67 74 77 80 81 75 78 79 82 76 83 86 89 90 84 87 88 91 85 
1 2 6 10 3 7 8 4 5 9 11 12 13 14 15 16 17 18 19 38 39 40 41 42 43 44 45 46 65 66 67 68 69 70 71 72 73 74 75 76 77 78 79 80 81 82 20 21 22 23 24 25 26 27 28 47 48 49 50 51 52 53 54 55 56 57 58 59 60 61 62 63 64 83 84 85 86 87 88 89 90 91 29 30 31 32 33 34 35 36 37 
1 2 3 4 5 6 7 8 9 10 11 15 19 12 16 17 13 14 18 47 51 55 48 52 53 49 50 54 83 87 91 84 88 89 85 86 90 20 24 28 21 25 26 22 23 27 56 60 64 57 61 62 58 59 63 65 69 73 66 70 71 67 68 72 29 33 37 30 34 35 31 32 36 38 42 46 39 43 44 40 41 45 74 78 82 75 79 80 76 77 81 
1 3 4 2 6 7 5 9 10 8 11 12 13 14 15 16 17 18 19 21 22 20 24 25 23 27 28 26 31 29 30 34 32 33 37 35 36 41 42 43 44 45 46 38 39 40 51 52 50 54 55 53 48 49 47 61 59 60 64 62 63 58 56 57 71 72 73 65 66 67 68 69 70 81 82 80 75 76 74 78 79 77 91 89 90 85 83 84 88 86 87 
1 2 3 4 5 6 7 8 9 10 12 13 11 15 16 14 18 19 17 21 22 20 24 25 23 27 28 26 30 31 29 33 34 32 36 37 35 39 40 38 42 43 41 45 46 44 48 49 47 51 52 50 54 55 53 57 58 56 60 61 59 63 64 62 66 67 65 69 70 68 72 73 71 75 76 74 78 79 77 81 82 80 84 85 83 87 88 86 90 91 89 
3 2 4 1 9 5 8 10 6 7 11 21 31 41 51 61 71 81 91 20 30 13 50 60 43 80 90 73 29 12 22 59 42 52 89 72 82 38 48 58 68 78 88 17 27 37 47 57 40 77 87 70 26 36 19 56 39 49 86 69 79 35 18 28 65 75 85 14 24 34 44 54 64 74 84 67 23 33 16 53 63 46 83 66 76 32 15 25 62 45 55 
1 2 3 4 5 6 7 8 9 10 20 21 22 23 24 25 26 27 28 29 30 31 32 33 34 35 36 37 11 12 13 14 15 16 17 18 19 47 48 49 50 51 52 53 54 55 56 57 58 59 60 61 62 63 64 38 39 40 41 42 43 44 45 46 74 75 76 77 78 79 80 81 82 83 84 85 86 87 88 89 90 91 65 66 67 68 69 70 71 72 73 
12 2 21 30 48 39 75 84 57 66 11 13 1 18 14 17 19 15 16 20 31 4 45 77 53 64 69 88 29 22 3 72 59 89 82 42 52 38 67 10 81 86 26 55 60 34 47 85 8 27 41 62 73 33 79 56 76 7 54 23 71 37 87 43 65 40 6 63 50 35 91 78 25 74 58 9 90 32 44 28 51 70 83 49 5 36 68 80 46 24 61 
1 20 21 22 23 24 25 26 27 28 11 12 13 14 15 16 17 18 19 29 31 30 35 37 36 32 34 33 2 4 3 8 10 9 5 7 6 74 77 80 81 75 78 79 82 76 38 45 43 46 41 39 42 40 44 65 69 73 66 70 71 67 68 72 83 88 90 87 89 85 91 84 86 47 53 50 52 49 55 54 51 48 56 64 60 58 63 59 57 62 61 
1 2 3 4 10 8 9 6 7 5 11 12 13 19 17 18 15 16 14 20 21 22 28 26 27 24 25 23 29 30 31 37 35 36 33 34 32 83 84 85 91 89 90 87 88 86 65 66 67 73 71 72 69 70 68 74 75 76 82 80 81 78 79 77 47 48 49 55 53 54 51 52 50 56 57 58 64 62 63 60 61 59 38 39 40 46 44 45 42 43 41 
