GROUP 108 1
2 0
2 0 1
3 0 1 2
3 0 1 2 4
3 0 1 2 4 12
GROUP 108 2
2 0
2 0 1
3 0 1 2
3 0 1 2 4
3 4 1 2 4 12
GROUP 108 3
2 0
2 0 1
3 0 1 2
3 0 1 2 4
3 0 1 2 4 16
GROUP 108 4
2 0
2 0 1
3 0 1 2
3 0 1 2 4
3 4 1 2 4 16
GROUP 108 5
2 0
2 0 1
3 0 1 2
3 0 1 2 4
3 0 2 3 4 12
GROUP 108 6
2 0
2 0 1
3 0 1 2
3 0 1 2 4
3 4 2 3 4 12
GROUP 108 7
2 0
2 0 1
3 0 1 2
3 0 1 2 4
3 0 2 3 4 16
GROUP 108 8
2 0
2 0 1
3 0 1 2
3 0 1 2 4
3 4 2 3 4 16
GROUP 108 9
2 0
2 0 1
3 0 1 2
3 4 1 2 4
3 12 1 2 4 12
GROUP 108 10
2 0
2 0 1
3 0 1 2
3 4 1 2 4
3 0 2 3 4 12
GROUP 108 11
2 0
2 0 1
3 0 1 2
3 4 1 2 4
3 12 2 3 4 12
GROUP 108 12
2 0
2 0 1
3 0 1 2
3 4 1 2 4
3 0 2 3 4 16
GROUP 108 13
2 0
2 1 1
3 0 1 2
3 0 1 2 4
3 0 1 2 4 12
GROUP 108 14
2 0
2 1 1
3 0 1 2
3 0 1 2 4
3 4 1 2 4 12
GROUP 108 15
2 0
2 1 1
3 0 1 2
3 0 1 2 4
3 0 1 2 4 16
GROUP 108 16
2 0
2 1 1
3 0 1 2
3 0 1 2 4
3 4 1 2 4 16
GROUP 108 17
2 0
2 1 1
3 0 1 2
3 4 1 2 4
3 12 1 2 4 12
GROUP 108 18
2 0
3 0 1
2 0 1 4
3 0 1 2 6
3 0 1 2 6 12
GROUP 108 19
2 0
3 0 1
2 0 1 4
3 0 1 2 6
3 12 1 2 6 12
GROUP 108 20
2 0
3 0 1
2 1 1 4
3 0 1 2 6
3 0 1 2 6 12
GROUP 108 21
2 0
3 0 1
2 1 1 4
3 0 1 2 6
3 12 1 2 6 12
GROUP 108 22
2 0
3 0 1
3 0 1 2
2 0 1 4 12
3 0 1 2 6 18
GROUP 108 23
2 0
3 0 1
3 0 1 2
2 0 1 4 12
3 0 1 2 8 18
GROUP 108 24
2 0
3 0 1
3 0 1 2
2 1 1 4 12
3 0 1 2 6 18
GROUP 108 25
2 0
3 0 1
3 0 1 2
2 1 1 4 12
3 0 1 2 8 18
GROUP 108 26
2 0
3 0 1
3 2 1 2
2 0 1 4 16
3 0 1 2 6 18
GROUP 108 27
2 0
3 0 1
3 2 1 2
2 0 1 4 16
3 0 1 2 8 18
GROUP 108 28
2 0
3 0 1
3 2 1 2
2 1 1 4 16
3 0 1 2 6 18
GROUP 108 29
2 0
3 0 1
3 2 1 2
2 1 1 4 16
3 0 1 2 8 18
GROUP 108 30
3 0
2 0 2
3 0 1 3
2 0 1 3 12
3 0 1 3 6 18
GROUP 108 31
3 0
3 0 1
2 0 2 6
2 9 3 2 9
3 0 1 3 9 18
GROUP 108 32
2 0
3 0 1
3 0 1 2
3 0 1 2 6
2 0 1 4 12 36
GROUP 108 33
2 0
3 0 1
3 0 1 2
3 0 1 2 6
2 1 1 4 12 36
GROUP 108 34
2 0
3 0 1
3 0 1 2
3 2 1 2 6
2 0 1 4 12 40
GROUP 108 35
2 0
3 0 1
3 0 1 2
3 2 1 2 6
2 1 1 4 12 40
GROUP 108 36
2 0
3 0 1
3 0 1 2
3 0 1 2 8
2 0 1 2 12 36
GROUP 108 37
2 0
3 0 1
3 0 1 2
3 0 1 2 8
2 1 1 2 12 36
GROUP 108 38
2 0
3 0 1
3 2 1 2
3 6 1 2 6
2 0 1 4 16 52
GROUP 108 39
2 0
3 0 1
3 2 1 2
3 6 1 2 6
2 1 1 4 16 52
GROUP 108 40
3 0
2 0 2
3 0 1 3
3 0 1 3 6
2 0 1 3 12 36
GROUP 108 41
3 0
2 0 2
3 0 1 3
3 6 1 3 6
2 0 1 3 12 48
GROUP 108 42
3 0
3 0 1
2 0 2 6
3 0 1 3 9
2 0 1 6 9 36
GROUP 108 43
3 0
3 0 1
2 0 2 6
3 0 1 3 9
2 9 3 2 9 36
GROUP 108 44
3 0
3 0 1
2 0 2 6
3 0 1 4 9
2 0 1 6 9 36
GROUP 108 45
3 0
3 0 1
3 0 1 4
2 0 1 6 18
2 27 1 9 6 27
