GROUP 100 1
2 0
2 0 1
5 0 1 2
5 0 1 2 4
GROUP 100 2
2 0
2 0 1
5 0 1 2
5 4 1 2 4
GROUP 100 3
2 0
2 1 1
5 0 1 2
5 0 1 2 4
GROUP 100 4
2 0
2 1 1
5 0 1 2
5 4 1 2 4
GROUP 100 5
2 0
5 0 1
2 0 1 8
5 0 1 2 10
GROUP 100 6
2 0
5 0 1
2 1 1 8
5 0 1 2 10
GROUP 100 7
5 0
2 0 4
2 5 2 5
5 0 1 5 10
GROUP 100 8
2 0
5 0 1
5 0 1 2
2 0 1 8 40
GROUP 100 9
2 0
5 0 1
5 0 1 2
2 1 1 8 40
GROUP 100 10
2 0
5 0 1
5 2 1 2
2 0 1 8 48
GROUP 100 11
2 0
5 0 1
5 2 1 2
2 1 1 8 48
GROUP 100 12
5 0
2 0 4
5 0 1 5
2 0 1 5 40
GROUP 100 13
5 0
2 0 4
5 0 1 5
2 5 2 5 40
GROUP 100 14
5 0
5 0 1
2 0 4 20
2 25 2 10 25
GROUP 100 15
5 0
5 0 1
2 0 4 20
2 25 2 15 25
GROUP 100 16
5 0
5 1 1
2 0 4 24
2 25 2 11 25
