GROUP 104 1
2 0
2 0 1
2 0 1 2
13 0 1 2 4
GROUP 104 2
2 0
2 0 1
2 1 1 2
13 0 1 2 4
GROUP 104 3
2 0
2 0 1
2 0 1 3
13 0 1 2 4
GROUP 104 4
2 0
2 1 1
2 2 1 2
13 0 1 2 4
GROUP 104 5
2 0
2 1 1
2 1 1 3
13 0 1 2 4
GROUP 104 6
2 0
2 0 1
13 0 1 2
2 0 1 2 48
GROUP 104 7
2 0
2 0 1
13 0 1 2
2 1 1 2 48
GROUP 104 8
2 0
2 0 1
13 0 1 2
2 0 1 3 48
GROUP 104 9
2 0
2 1 1
13 0 1 2
2 0 1 2 48
GROUP 104 10
2 0
2 1 1
13 0 1 2
2 2 1 2 48
GROUP 104 11
2 0
2 1 1
13 0 1 2
2 0 1 3 48
GROUP 104 12
2 0
2 1 1
13 0 1 2
2 1 1 3 48
GROUP 104 13
2 0
13 0 1
2 0 1 24
2 26 1 10 26
GROUP 104 14
2 0
13 0 1
2 1 1 24
2 26 1 10 26
