GROUP 112 1
2 0
2 0 1
2 0 1 2
2 0 1 2 4
7 0 1 2 4 8
GROUP 112 2
2 0
2 0 1
2 0 1 2
2 0 1 2 4
7 0 1 4 8 6
GROUP 112 3
2 0
2 0 1
2 0 1 2
2 1 1 2 4
7 0 1 2 4 8
GROUP 112 4
2 0
2 0 1
2 0 1 2
2 0 1 2 5
7 0 1 2 4 8
GROUP 112 5
2 0
2 0 1
2 0 1 2
2 2 1 2 5
7 0 1 2 4 8
GROUP 112 6
2 0
2 0 1
2 1 1 2
2 2 1 2 4
7 0 1 2 4 8
GROUP 112 7
2 0
2 0 1
2 1 1 2
2 4 1 2 4
7 0 1 2 4 8
GROUP 112 8
2 0
2 0 1
2 1 1 2
2 1 1 2 5
7 0 1 2 4 8
GROUP 112 9
2 0
2 0 1
2 1 1 2
2 2 1 2 5
7 0 1 2 4 8
GROUP 112 10
2 0
2 0 1
2 1 1 2
2 0 1 3 4
7 0 1 2 4 8
GROUP 112 11
2 0
2 0 1
2 1 1 2
2 4 1 3 4
7 0 1 2 4 8
GROUP 112 12
2 0
2 0 1
2 0 1 3
2 0 1 4 2
7 0 1 2 4 8
GROUP 112 13
2 0
2 0 1
2 0 1 3
2 1 1 4 2
7 0 1 2 4 8
GROUP 112 14
2 0
2 1 1
2 2 1 2
2 4 1 2 4
7 0 1 2 4 8
GROUP 112 15
2 0
2 1 1
2 2 1 2
2 1 1 3 7
7 0 1 2 4 8
GROUP 112 16
2 0
2 0 1
2 0 1 2
7 0 1 2 4
2 0 1 2 4 48
GROUP 112 17
2 0
2 0 1
2 0 1 2
7 0 1 2 4
2 1 1 2 4 48
GROUP 112 18
2 0
2 0 1
2 0 1 2
7 0 1 2 4
2 0 1 2 5 48
GROUP 112 19
2 0
2 0 1
2 0 1 2
7 0 1 2 4
2 2 1 2 5 48
GROUP 112 20
2 0
2 0 1
2 1 1 2
7 0 1 2 4
2 0 1 2 4 48
GROUP 112 21
2 0
2 0 1
2 1 1 2
7 0 1 2 4
2 2 1 2 4 48
GROUP 112 22
2 0
2 0 1
2 1 1 2
7 0 1 2 4
2 4 1 2 4 48
GROUP 112 23
2 0
2 0 1
2 1 1 2
7 0 1 2 4
2 0 1 2 5 48
GROUP 112 24
2 0
2 0 1
2 1 1 2
7 0 1 2 4
2 1 1 2 5 48
GROUP 112 25
2 0
2 0 1
2 1 1 2
7 0 1 2 4
2 2 1 2 5 48
GROUP 112 26
2 0
2 0 1
2 1 1 2
7 0 1 2 4
2 0 1 2 6 48
GROUP 112 27
2 0
2 0 1
2 1 1 2
7 0 1 2 4
2 1 1 2 6 48
GROUP 112 28
2 0
2 0 1
2 1 1 2
7 0 1 2 4
2 0 1 3 4 48
GROUP 112 29
2 0
2 0 1
2 1 1 2
7 0 1 2 4
2 4 1 3 4 48
GROUP 112 30
2 0
2 0 1
2 0 1 3
7 0 1 2 4
2 0 1 2 4 48
GROUP 112 31
2 0
2 0 1
2 0 1 3
7 0 1 2 4
2 1 1 2 4 48
GROUP 112 32
2 0
2 0 1
2 0 1 3
7 0 1 2 4
2 0 1 4 2 48
GROUP 112 33
2 0
2 0 1
2 0 1 3
7 0 1 2 4
2 1 1 4 2 48
GROUP 112 34
2 0
2 1 1
2 2 1 2
7 0 1 2 4
2 0 1 2 4 48
GROUP 112 35
2 0
2 1 1
2 2 1 2
7 0 1 2 4
2 4 1 2 4 48
GROUP 112 36
2 0
2 1 1
2 2 1 2
7 0 1 2 4
2 0 1 2 5 48
GROUP 112 37
2 0
2 1 1
2 2 1 2
7 0 1 2 4
2 0 1 3 6 48
GROUP 112 38
2 0
2 1 1
2 2 1 2
7 0 1 2 4
2 0 1 3 7 48
GROUP 112 39
2 0
2 1 1
2 2 1 2
7 0 1 2 4
2 1 1 3 7 48
GROUP 112 40
2 0
2 1 1
2 1 1 3
7 0 1 2 4
2 0 1 2 4 48
GROUP 112 41
2 0
2 1 1
2 1 1 3
7 0 1 2 4
2 1 1 2 4 48
GROUP 112 42
2 0
2 1 1
2 1 1 3
7 0 1 2 4
2 2 1 2 6 48
GROUP 112 43
2 0
2 1 1
2 1 1 3
7 0 1 2 4
2 3 1 2 6 48
