GROUP 120 1
2 0
2 0 1
2 0 1 2
3 0 1 2 4
5 0 1 2 4 8
GROUP 120 2
2 0
2 0 1
2 0 1 2
3 0 1 4 6
5 0 1 2 4 8
GROUP 120 3
2 0
2 0 1
2 1 1 2
3 0 1 2 4
5 0 1 2 4 8
GROUP 120 4
2 0
2 0 1
2 0 1 3
3 0 1 2 4
5 0 1 2 4 8
GROUP 120 5
2 0
2 1 1
2 2 1 2
3 0 1 2 4
5 0 1 2 4 8
GROUP 120 6
2 0
2 1 1
2 1 1 3
3 0 1 2 4
5 0 1 2 4 8
GROUP 120 7
2 0
2 1 1
2 1 1 3
3 0 1 4 6
5 0 1 2 4 8
GROUP 120 8
2 0
2 0 1
3 0 1 2
2 0 1 2 8
5 0 1 2 4 12
GROUP 120 9
2 0
2 0 1
3 0 1 2
2 1 1 2 8
5 0 1 2 4 12
GROUP 120 10
2 0
2 0 1
3 0 1 2
2 0 1 3 8
5 0 1 2 4 12
GROUP 120 11
2 0
2 0 1
3 0 2 3
2 0 1 3 8
5 0 1 2 4 12
GROUP 120 12
2 0
2 1 1
3 0 1 2
2 0 1 2 8
5 0 1 2 4 12
GROUP 120 13
2 0
2 1 1
3 0 1 2
2 2 1 2 8
5 0 1 2 4 12
GROUP 120 14
2 0
2 1 1
3 0 1 2
2 0 1 3 8
5 0 1 2 4 12
GROUP 120 15
2 0
2 1 1
3 0 1 2
2 1 1 3 8
5 0 1 2 4 12
GROUP 120 16
2 0
2 0 1
5 0 1 2
2 0 1 2 16
3 0 1 2 4 20
GROUP 120 17
2 0
2 0 1
5 0 1 2
2 0 1 2 16
3 0 2 3 4 20
GROUP 120 18
2 0
2 0 1
5 0 1 2
2 1 1 2 16
3 0 1 2 4 20
GROUP 120 19
2 0
2 0 1
5 0 1 2
2 0 1 3 16
3 0 1 2 4 20
GROUP 120 20
2 0
2 1 1
5 0 1 2
2 0 1 2 16
3 0 1 2 4 20
GROUP 120 21
2 0
2 1 1
5 0 1 2
2 2 1 2 16
3 0 1 2 4 20
GROUP 120 22
2 0
2 1 1
5 0 1 2
2 0 1 3 16
3 0 1 2 4 20
GROUP 120 23
2 0
2 1 1
5 0 1 2
2 1 1 3 16
3 0 1 2 4 20
GROUP 120 24
2 0
5 0 1
2 0 1 8
2 10 1 4 10
3 0 1 2 10 20
GROUP 120 25
2 0
5 0 1
2 1 1 8
2 10 1 4 10
3 0 1 2 10 20
GROUP 120 26
2 0
2 0 1
3 0 1 2
5 0 1 2 4
2 0 1 2 8 48
GROUP 120 27
2 0
2 0 1
3 0 1 2
5 0 1 2 4
2 1 1 2 8 48
GROUP 120 28
2 0
2 0 1
3 0 1 2
5 0 1 2 4
2 0 1 3 8 48
GROUP 120 29
2 0
2 0 1
3 0 2 3
5 0 1 2 4
2 0 1 3 8 48
GROUP 120 30
2 0
2 1 1
3 0 1 2
5 0 1 2 4
2 0 1 2 8 48
GROUP 120 31
2 0
2 1 1
3 0 1 2
5 0 1 2 4
2 2 1 2 8 48
GROUP 120 32
2 0
2 1 1
3 0 1 2
5 0 1 2 4
2 0 1 3 8 48
GROUP 120 33
2 0
2 1 1
3 0 1 2
5 0 1 2 4
2 1 1 3 8 48
GROUP 120 34
2 0
3 0 1
2 0 1 4
5 0 1 2 6
2 0 1 2 6 48
GROUP 120 35
2 0
3 0 1
2 0 1 4
5 0 1 2 6
2 1 1 2 6 48
GROUP 120 36
2 0
3 0 1
2 0 1 4
5 0 1 2 6
2 0 1 2 7 48
GROUP 120 37
2 0
3 0 1
2 0 1 4
5 0 1 2 6
2 1 1 2 7 48
GROUP 120 38
2 0
3 0 1
2 1 1 4
5 0 1 2 6
2 0 1 2 6 48
GROUP 120 39
2 0
3 0 1
2 1 1 4
5 0 1 2 6
2 1 1 2 6 48
GROUP 120 40
2 0
3 0 1
2 1 1 4
5 0 1 2 6
2 0 1 2 7 48
GROUP 120 41
2 0
3 0 1
2 1 1 4
5 0 1 2 6
2 1 1 2 7 48
GROUP 120 42
2 0
5 0 1
2 0 1 8
3 0 1 2 10
2 10 1 4 10 40
GROUP 120 43
2 0
5 0 1
2 1 1 8
3 0 1 2 10
2 10 1 4 10 40
GROUP 120 44
5 0
2 0 4
2 5 2 5
3 0 1 5 10
2 0 1 5 10 40
