GROUP 126 1
2 0
3 0 1
3 0 1 2
7 0 1 2 6
GROUP 126 2
2 0
3 0 1
3 2 1 2
7 0 1 2 6
GROUP 126 3
3 0
2 0 2
3 0 1 3
7 0 1 3 6
GROUP 126 4
3 0
3 0 1
2 0 2 6
7 0 1 3 9
GROUP 126 5
3 0
3 1 1
2 0 2 8
7 0 1 3 9
GROUP 126 6
2 0
3 0 1
7 0 1 2
3 0 1 2 12
GROUP 126 7
2 0
3 0 1
7 0 1 2
3 2 1 2 12
GROUP 126 8
3 0
2 0 2
7 0 1 3
3 0 1 3 12
GROUP 126 9
7 0
2 0 6
3 0 1 7
3 0 1 7 14
GROUP 126 10
7 0
2 0 6
3 0 1 7
3 14 1 7 14
GROUP 126 11
7 0
2 0 6
3 0 1 7
3 0 2 7 14
GROUP 126 12
7 0
2 0 6
3 0 1 7
3 14 2 7 14
GROUP 126 13
3 0
7 0 1
2 0 2 18
3 0 1 3 21
GROUP 126 14
3 0
7 0 1
2 0 2 18
3 0 1 6 21
GROUP 126 15
3 0
3 0 1
7 0 1 3
2 0 2 6 54
GROUP 126 16
3 0
3 1 1
7 0 1 3
2 0 2 8 54
