GROUP 136 1
2 0
2 0 1
2 0 1 2
17 0 1 2 4
GROUP 136 2
2 0
2 0 1
2 1 1 2
17 0 1 2 4
GROUP 136 3
2 0
2 0 1
2 0 1 3
17 0 1 2 4
GROUP 136 4
2 0
2 1 1
2 2 1 2
17 0 1 2 4
GROUP 136 5
2 0
2 1 1
2 1 1 3
17 0 1 2 4
GROUP 136 6
2 0
2 0 1
17 0 1 2
2 0 1 2 64
GROUP 136 7
2 0
2 0 1
17 0 1 2
2 1 1 2 64
GROUP 136 8
2 0
2 0 1
17 0 1 2
2 0 1 3 64
GROUP 136 9
2 0
2 1 1
17 0 1 2
2 0 1 2 64
GROUP 136 10
2 0
2 1 1
17 0 1 2
2 2 1 2 64
GROUP 136 11
2 0
2 1 1
17 0 1 2
2 0 1 3 64
GROUP 136 12
2 0
2 1 1
17 0 1 2
2 1 1 3 64
GROUP 136 13
2 0
17 0 1
2 0 1 32
2 34 1 8 34
GROUP 136 14
2 0
17 0 1
2 1 1 32
2 34 1 8 34
GROUP 136 15
17 0
2 0 16
2 17 4 17
2 34 2 17 34
