GROUP 144 1
2 0
2 0 1
2 0 1 2
2 0 1 2 4
3 0 1 2 4 8
3 0 1 2 4 8 16
GROUP 144 2
2 0
2 0 1
2 0 1 2
2 0 1 2 4
3 0 1 2 4 8
3 16 1 2 4 8 16
GROUP 144 3
2 0
2 0 1
2 0 1 2
2 0 1 2 4
3 0 1 2 4 8
3 0 1 2 8 12 16
GROUP 144 4
2 0
2 0 1
2 0 1 2
2 0 1 2 4
3 0 1 2 4 8
3 16 1 2 8 12 16
GROUP 144 5
2 0
2 0 1
2 0 1 2
2 0 1 2 4
3 0 1 2 4 8
3 0 2 3 8 12 16
GROUP 144 6
2 0
2 0 1
2 0 1 2
2 0 1 2 4
3 0 1 2 4 8
3 16 2 3 8 12 16
GROUP 144 7
2 0
2 0 1
2 0 1 2
2 0 1 2 4
3 0 1 2 8 12
3 0 2 3 4 8 16
GROUP 144 8
2 0
2 0 1
2 0 1 2
2 1 1 2 4
3 0 1 2 4 8
3 0 1 2 4 8 16
GROUP 144 9
2 0
2 0 1
2 0 1 2
2 1 1 2 4
3 0 1 2 4 8
3 16 1 2 4 8 16
GROUP 144 10
2 0
2 0 1
2 0 1 2
2 1 1 2 4
3 0 1 2 4 8
3 0 1 4 6 8 16
GROUP 144 11
2 0
2 0 1
2 0 1 2
2 1 1 2 4
3 0 1 2 4 8
3 16 1 4 6 8 16
GROUP 144 12
2 0
2 0 1
2 0 1 2
2 0 1 2 5
3 0 1 2 4 8
3 0 1 2 4 8 16
GROUP 144 13
2 0
2 0 1
2 0 1 2
2 0 1 2 5
3 0 1 2 4 8
3 16 1 2 4 8 16
GROUP 144 14
2 0
2 0 1
2 0 1 2
2 2 1 2 5
3 0 1 2 4 8
3 0 1 2 4 8 16
GROUP 144 15
2 0
2 0 1
2 0 1 2
2 2 1 2 5
3 0 1 2 4 8
3 16 1 2 4 8 16
GROUP 144 16
2 0
2 0 1
2 1 1 2
2 2 1 2 4
3 0 1 2 4 8
3 0 1 2 4 8 16
GROUP 144 17
2 0
2 0 1
2 1 1 2
2 2 1 2 4
3 0 1 2 4 8
3 16 1 2 4 8 16
GROUP 144 18
2 0
2 0 1
2 1 1 2
2 2 1 2 4
3 0 1 2 4 8
3 0 2 3 8 15 16
GROUP 144 19
2 0
2 0 1
2 1 1 2
2 2 1 2 4
3 0 1 2 4 8
3 16 2 3 8 15 16
GROUP 144 20
2 0
2 0 1
2 1 1 2
2 4 1 2 4
3 0 1 2 4 8
3 0 1 2 4 8 16
GROUP 144 21
2 0
2 0 1
2 1 1 2
2 4 1 2 4
3 0 1 2 4 8
3 16 1 2 4 8 16
GROUP 144 22
2 0
2 0 1
2 1 1 2
2 1 1 2 5
3 0 1 2 4 8
3 0 1 2 4 8 16
GROUP 144 23
2 0
2 0 1
2 1 1 2
2 1 1 2 5
3 0 1 2 4 8
3 16 1 2 4 8 16
GROUP 144 24
2 0
2 0 1
2 1 1 2
2 1 1 2 5
3 0 1 2 4 8
3 0 1 2 8 12 16
GROUP 144 25
2 0
2 0 1
2 1 1 2
2 1 1 2 5
3 0 1 2 4 8
3 16 1 2 8 12 16
GROUP 144 26
2 0
2 0 1
2 1 1 2
2 2 1 2 5
3 0 1 2 4 8
3 0 1 2 4 8 16
GROUP 144 27
2 0
2 0 1
2 1 1 2
2 2 1 2 5
3 0 1 2 4 8
3 16 1 2 4 8 16
GROUP 144 28
2 0
2 0 1
2 1 1 2
2 0 1 3 4
3 0 1 2 4 8
3 0 1 2 4 8 16
GROUP 144 29
2 0
2 0 1
2 1 1 2
2 0 1 3 4
3 0 1 2 4 8
3 16 1 2 4 8 16
GROUP 144 30
2 0
2 0 1
2 1 1 2
2 0 1 3 4
3 0 1 2 4 8
3 0 1 8 4 14 16
GROUP 144 31
2 0
2 0 1
2 1 1 2
2 0 1 3 4
3 0 1 2 4 8
3 16 1 8 4 14 16
GROUP 144 32
2 0
2 0 1
2 1 1 2
2 4 1 3 4
3 0 1 2 4 8
3 0 1 2 4 8 16
GROUP 144 33
2 0
2 0 1
2 1 1 2
2 4 1 3 4
3 0 1 2 4 8
3 16 1 2 4 8 16
GROUP 144 34
2 0
2 0 1
2 0 1 3
2 0 1 4 2
3 0 1 2 4 8
3 0 1 2 4 8 16
GROUP 144 35
2 0
2 0 1
2 0 1 3
2 0 1 4 2
3 0 1 2 4 8
3 16 1 2 4 8 16
GROUP 144 36
2 0
2 0 1
2 0 1 3
2 1 1 4 2
3 0 1 2 4 8
3 0 1 2 4 8 16
GROUP 144 37
2 0
2 0 1
2 0 1 3
2 1 1 4 2
3 0 1 2 4 8
3 16 1 2 4 8 16
GROUP 144 38
2 0
2 1 1
2 2 1 2
2 4 1 2 4
3 0 1 2 4 8
3 0 1 2 4 8 16
GROUP 144 39
2 0
2 1 1
2 2 1 2
2 4 1 2 4
3 0 1 2 4 8
3 16 1 2 4 8 16
GROUP 144 40
2 0
2 1 1
2 2 1 2
2 1 1 3 7
3 0 1 2 4 8
3 0 1 2 4 8 16
GROUP 144 41
2 0
2 1 1
2 2 1 2
2 1 1 3 7
3 0 1 2 4 8
3 16 1 2 4 8 16
GROUP 144 42
2 0
2 0 1
2 0 1 2
3 0 1 2 4
2 0 1 2 4 16
3 0 1 2 4 8 24
GROUP 144 43
2 0
2 0 1
2 0 1 2
3 0 1 2 4
2 0 1 2 4 16
3 0 1 4 6 8 24
GROUP 144 44
2 0
2 0 1
2 0 1 2
3 0 1 2 4
2 1 1 2 4 16
3 0 1 2 4 8 24
GROUP 144 45
2 0
2 0 1
2 0 1 2
3 0 1 2 4
2 1 1 2 4 16
3 0 1 4 6 8 24
GROUP 144 46
2 0
2 0 1
2 0 1 2
3 0 1 2 4
2 0 1 2 5 16
3 0 1 2 4 8 24
GROUP 144 47
2 0
2 0 1
2 0 1 2
3 0 1 2 4
2 2 1 2 5 16
3 0 1 2 4 8 24
GROUP 144 48
2 0
2 0 1
2 0 1 2
3 0 1 4 6
2 0 1 2 6 16
3 0 1 2 4 8 24
GROUP 144 49
2 0
2 0 1
2 0 1 2
3 0 1 4 6
2 1 1 2 6 16
3 0 1 2 4 8 24
GROUP 144 50
2 0
2 0 1
2 1 1 2
3 0 1 2 4
2 0 1 2 4 16
3 0 1 2 4 8 24
GROUP 144 51
2 0
2 0 1
2 1 1 2
3 0 1 2 4
2 2 1 2 4 16
3 0 1 2 4 8 24
GROUP 144 52
2 0
2 0 1
2 1 1 2
3 0 1 2 4
2 4 1 2 4 16
3 0 1 2 4 8 24
GROUP 144 53
2 0
2 0 1
2 1 1 2
3 0 1 2 4
2 0 1 2 5 16
3 0 1 2 4 8 24
GROUP 144 54
2 0
2 0 1
2 1 1 2
3 0 1 2 4
2 1 1 2 5 16
3 0 1 2 4 8 24
GROUP 144 55
2 0
2 0 1
2 1 1 2
3 0 1 2 4
2 2 1 2 5 16
3 0 1 2 4 8 24
GROUP 144 56
2 0
2 0 1
2 1 1 2
3 0 1 2 4
2 0 1 2 6 16
3 0 1 2 4 8 24
GROUP 144 57
2 0
2 0 1
2 1 1 2
3 0 1 2 4
2 1 1 2 6 16
3 0 1 2 4 8 24
GROUP 144 58
2 0
2 0 1
2 1 1 2
3 0 1 2 4
2 0 1 3 4 16
3 0 1 2 4 8 24
GROUP 144 59
2 0
2 0 1
2 1 1 2
3 0 1 2 4
2 4 1 3 4 16
3 0 1 2 4 8 24
GROUP 144 60
2 0
2 0 1
2 0 1 3
3 0 1 2 4
2 0 1 2 4 16
3 0 1 2 4 8 24
GROUP 144 61
2 0
2 0 1
2 0 1 3
3 0 1 2 4
2 1 1 2 4 16
3 0 1 2 4 8 24
GROUP 144 62
2 0
2 0 1
2 0 1 3
3 0 1 2 4
2 0 1 4 2 16
3 0 1 2 4 8 24
GROUP 144 63
2 0
2 0 1
2 0 1 3
3 0 1 2 4
2 1 1 4 2 16
3 0 1 2 4 8 24
GROUP 144 64
2 0
2 1 1
2 2 1 2
3 0 1 2 4
2 0 1 2 4 16
3 0 1 2 4 8 24
GROUP 144 65
2 0
2 1 1
2 2 1 2
3 0 1 2 4
2 4 1 2 4 16
3 0 1 2 4 8 24
GROUP 144 66
2 0
2 1 1
2 2 1 2
3 0 1 2 4
2 0 1 2 5 16
3 0 1 2 4 8 24
GROUP 144 67
2 0
2 1 1
2 2 1 2
3 0 1 2 4
2 0 1 3 6 16
3 0 1 2 4 8 24
GROUP 144 68
2 0
2 1 1
2 2 1 2
3 0 1 2 4
2 0 1 3 7 16
3 0 1 2 4 8 24
GROUP 144 69
2 0
2 1 1
2 2 1 2
3 0 1 2 4
2 1 1 3 7 16
3 0 1 2 4 8 24
GROUP 144 70
2 0
2 1 1
2 1 1 3
3 0 1 2 4
2 0 1 2 4 16
3 0 1 2 4 8 24
GROUP 144 71
2 0
2 1 1
2 1 1 3
3 0 1 2 4
2 0 1 2 4 16
3 0 1 4 6 8 24
GROUP 144 72
2 0
2 1 1
2 1 1 3
3 0 1 2 4
2 1 1 2 4 16
3 0 1 2 4 8 24
GROUP 144 73
2 0
2 1 1
2 1 1 3
3 0 1 2 4
2 1 1 2 4 16
3 0 1 4 6 8 24
GROUP 144 74
2 0
2 1 1
2 1 1 3
3 0 1 2 4
2 2 1 2 6 16
3 0 1 2 4 8 24
GROUP 144 75
2 0
2 1 1
2 1 1 3
3 0 1 2 4
2 3 1 2 6 16
3 0 1 2 4 8 24
GROUP 144 76
2 0
2 1 1
2 1 1 3
3 0 1 4 6
2 2 1 2 6 19
3 0 1 2 4 8 24
GROUP 144 77
2 0
2 1 1
2 1 1 3
3 0 1 4 6
2 3 1 2 6 19
3 0 1 2 4 8 24
GROUP 144 78
2 0
2 0 1
2 0 1 2
3 0 1 2 4
3 0 1 2 4 8
2 0 1 2 4 16 48
GROUP 144 79
2 0
2 0 1
2 0 1 2
3 0 1 2 4
3 0 1 2 4 8
2 1 1 2 4 16 48
GROUP 144 80
2 0
2 0 1
2 0 1 2
3 0 1 2 4
3 0 1 2 4 8
2 0 1 2 5 16 48
GROUP 144 81
2 0
2 0 1
2 0 1 2
3 0 1 2 4
3 0 1 2 4 8
2 2 1 2 5 16 48
GROUP 144 82
2 0
2 0 1
2 0 1 2
3 0 1 2 4
3 8 1 2 4 8
2 0 1 2 4 16 64
GROUP 144 83
2 0
2 0 1
2 0 1 2
3 0 1 2 4
3 8 1 2 4 8
2 1 1 2 4 16 64
GROUP 144 84
2 0
2 0 1
2 0 1 2
3 0 1 2 4
3 8 1 2 4 8
2 0 1 2 5 16 64
GROUP 144 85
2 0
2 0 1
2 0 1 2
3 0 1 2 4
3 8 1 2 4 8
2 2 1 2 5 16 64
GROUP 144 86
2 0
2 0 1
2 0 1 2
3 0 1 2 4
3 0 1 4 6 8
2 0 1 2 6 16 48
GROUP 144 87
2 0
2 0 1
2 0 1 2
3 0 1 2 4
3 0 1 4 6 8
2 1 1 2 6 16 48
GROUP 144 88
2 0
2 0 1
2 0 1 2
3 0 1 2 4
3 8 1 4 6 8
2 0 1 2 6 16 64
GROUP 144 89
2 0
2 0 1
2 0 1 2
3 0 1 2 4
3 8 1 4 6 8
2 1 1 2 6 16 64
GROUP 144 90
2 0
2 0 1
2 1 1 2
3 0 1 2 4
3 0 1 2 4 8
2 0 1 2 4 16 48
GROUP 144 91
2 0
2 0 1
2 1 1 2
3 0 1 2 4
3 0 1 2 4 8
2 2 1 2 4 16 48
GROUP 144 92
2 0
2 0 1
2 1 1 2
3 0 1 2 4
3 0 1 2 4 8
2 4 1 2 4 16 48
GROUP 144 93
2 0
2 0 1
2 1 1 2
3 0 1 2 4
3 0 1 2 4 8
2 0 1 2 5 16 48
GROUP 144 94
2 0
2 0 1
2 1 1 2
3 0 1 2 4
3 0 1 2 4 8
2 1 1 2 5 16 48
GROUP 144 95
2 0
2 0 1
2 1 1 2
3 0 1 2 4
3 0 1 2 4 8
2 2 1 2 5 16 48
GROUP 144 96
2 0
2 0 1
2 1 1 2
3 0 1 2 4
3 0 1 2 4 8
2 0 1 2 6 16 48
GROUP 144 97
2 0
2 0 1
2 1 1 2
3 0 1 2 4
3 0 1 2 4 8
2 1 1 2 6 16 48
GROUP 144 98
2 0
2 0 1
2 1 1 2
3 0 1 2 4
3 0 1 2 4 8
2 0 1 3 4 16 48
GROUP 144 99
2 0
2 0 1
2 1 1 2
3 0 1 2 4
3 0 1 2 4 8
2 4 1 3 4 16 48
GROUP 144 100
2 0
2 0 1
2 1 1 2
3 0 1 2 4
3 8 1 2 4 8
2 0 1 2 4 16 64
GROUP 144 101
2 0
2 0 1
2 1 1 2
3 0 1 2 4
3 8 1 2 4 8
2 2 1 2 4 16 64
GROUP 144 102
2 0
2 0 1
2 1 1 2
3 0 1 2 4
3 8 1 2 4 8
2 4 1 2 4 16 64
GROUP 144 103
2 0
2 0 1
2 1 1 2
3 0 1 2 4
3 8 1 2 4 8
2 0 1 2 5 16 64
GROUP 144 104
2 0
2 0 1
2 1 1 2
3 0 1 2 4
3 8 1 2 4 8
2 1 1 2 5 16 64
GROUP 144 105
2 0
2 0 1
2 1 1 2
3 0 1 2 4
3 8 1 2 4 8
2 2 1 2 5 16 64
GROUP 144 106
2 0
2 0 1
2 1 1 2
3 0 1 2 4
3 8 1 2 4 8
2 0 1 2 6 16 64
GROUP 144 107
2 0
2 0 1
2 1 1 2
3 0 1 2 4
3 8 1 2 4 8
2 1 1 2 6 16 64
GROUP 144 108
2 0
2 0 1
2 1 1 2
3 0 1 2 4
3 8 1 2 4 8
2 0 1 3 4 16 64
GROUP 144 109
2 0
2 0 1
2 1 1 2
3 0 1 2 4
3 8 1 2 4 8
2 4 1 3 4 16 64
GROUP 144 110
2 0
2 0 1
2 0 1 3
3 0 1 2 4
3 0 1 2 4 8
2 0 1 2 4 16 48
GROUP 144 111
2 0
2 0 1
2 0 1 3
3 0 1 2 4
3 0 1 2 4 8
2 1 1 2 4 16 48
GROUP 144 112
2 0
2 0 1
2 0 1 3
3 0 1 2 4
3 0 1 2 4 8
2 0 1 4 2 16 48
GROUP 144 113
2 0
2 0 1
2 0 1 3
3 0 1 2 4
3 0 1 2 4 8
2 1 1 4 2 16 48
GROUP 144 114
2 0
2 0 1
2 0 1 3
3 0 1 2 4
3 8 1 2 4 8
2 0 1 2 4 16 64
GROUP 144 115
2 0
2 0 1
2 0 1 3
3 0 1 2 4
3 8 1 2 4 8
2 1 1 2 4 16 64
GROUP 144 116
2 0
2 0 1
2 0 1 3
3 0 1 2 4
3 8 1 2 4 8
2 0 1 4 2 16 64
GROUP 144 117
2 0
2 0 1
2 0 1 3
3 0 1 2 4
3 8 1 2 4 8
2 1 1 4 2 16 64
GROUP 144 118
2 0
2 1 1
2 2 1 2
3 0 1 2 4
3 0 1 2 4 8
2 0 1 2 4 16 48
GROUP 144 119
2 0
2 1 1
2 2 1 2
3 0 1 2 4
3 0 1 2 4 8
2 4 1 2 4 16 48
GROUP 144 120
2 0
2 1 1
2 2 1 2
3 0 1 2 4
3 0 1 2 4 8
2 0 1 2 5 16 48
GROUP 144 121
2 0
2 1 1
2 2 1 2
3 0 1 2 4
3 0 1 2 4 8
2 0 1 3 6 16 48
GROUP 144 122
2 0
2 1 1
2 2 1 2
3 0 1 2 4
3 0 1 2 4 8
2 0 1 3 7 16 48
GROUP 144 123
2 0
2 1 1
2 2 1 2
3 0 1 2 4
3 0 1 2 4 8
2 1 1 3 7 16 48
GROUP 144 124
2 0
2 1 1
2 2 1 2
3 0 1 2 4
3 8 1 2 4 8
2 0 1 2 4 16 64
GROUP 144 125
2 0
2 1 1
2 2 1 2
3 0 1 2 4
3 8 1 2 4 8
2 4 1 2 4 16 64
GROUP 144 126
2 0
2 1 1
2 2 1 2
3 0 1 2 4
3 8 1 2 4 8
2 0 1 2 5 16 64
GROUP 144 127
2 0
2 1 1
2 2 1 2
3 0 1 2 4
3 8 1 2 4 8
2 0 1 3 6 16 64
GROUP 144 128
2 0
2 1 1
2 2 1 2
3 0 1 2 4
3 8 1 2 4 8
2 0 1 3 7 16 64
GROUP 144 129
2 0
2 1 1
2 2 1 2
3 0 1 2 4
3 8 1 2 4 8
2 1 1 3 7 16 64
GROUP 144 130
2 0
2 1 1
2 1 1 3
3 0 1 2 4
3 0 1 2 4 8
2 0 1 2 4 16 48
GROUP 144 131
2 0
2 1 1
2 1 1 3
3 0 1 2 4
3 0 1 2 4 8
2 1 1 2 4 16 48
GROUP 144 132
2 0
2 1 1
2 1 1 3
3 0 1 2 4
3 0 1 2 4 8
2 2 1 2 6 16 48
GROUP 144 133
2 0
2 1 1
2 1 1 3
3 0 1 2 4
3 0 1 2 4 8
2 3 1 2 6 16 48
GROUP 144 134
2 0
2 1 1
2 1 1 3
3 0 1 2 4
3 8 1 2 4 8
2 0 1 2 4 16 64
GROUP 144 135
2 0
2 1 1
2 1 1 3
3 0 1 2 4
3 8 1 2 4 8
2 1 1 2 4 16 64
GROUP 144 136
2 0
2 1 1
2 1 1 3
3 0 1 2 4
3 8 1 2 4 8
2 2 1 2 6 16 64
GROUP 144 137
2 0
2 1 1
2 1 1 3
3 0 1 2 4
3 8 1 2 4 8
2 3 1 2 6 16 64
GROUP 144 138
2 0
2 1 1
2 1 1 3
3 0 1 2 4
3 0 1 4 6 8
2 2 1 2 6 16 51
GROUP 144 139
2 0
2 1 1
2 1 1 3
3 0 1 2 4
3 0 1 4 6 8
2 3 1 2 6 16 51
GROUP 144 140
2 0
2 1 1
2 1 1 3
3 0 1 2 4
3 8 1 4 6 8
2 2 1 2 6 16 67
GROUP 144 141
2 0
2 1 1
2 1 1 3
3 0 1 2 4
3 8 1 4 6 8
2 3 1 2 6 16 67
GROUP 144 142
2 0
2 0 1
3 0 1 2
2 0 1 2 8
3 0 1 2 4 12
2 0 1 2 4 12 48
GROUP 144 143
2 0
2 0 1
3 0 1 2
2 0 1 2 8
3 0 1 2 4 12
2 1 1 2 4 12 48
GROUP 144 144
2 0
2 0 1
3 0 1 2
2 0 1 2 8
3 0 1 2 4 12
2 0 1 2 4 13 48
GROUP 144 145
2 0
2 0 1
3 0 1 2
2 0 1 2 8
3 0 1 2 4 12
2 1 1 2 4 13 48
GROUP 144 146
2 0
2 0 1
3 0 1 2
2 0 1 2 8
3 0 1 2 4 12
2 2 1 2 4 13 48
GROUP 144 147
2 0
2 0 1
3 0 1 2
2 0 1 2 8
3 0 1 2 4 12
2 0 1 3 4 12 48
GROUP 144 148
2 0
2 0 1
3 0 1 2
2 0 1 2 8
3 0 2 3 4 12
2 0 1 3 4 12 48
GROUP 144 149
2 0
2 0 1
3 0 1 2
2 1 1 2 8
3 0 1 2 4 12
2 1 1 2 4 12 48
GROUP 144 150
2 0
2 0 1
3 0 1 2
2 1 1 2 8
3 0 1 2 4 12
2 2 1 2 4 12 48
GROUP 144 151
2 0
2 0 1
3 0 1 2
2 1 1 2 8
3 0 1 2 4 12
2 1 1 2 4 13 48
GROUP 144 152
2 0
2 0 1
3 0 1 2
2 1 1 2 8
3 0 1 2 4 12
2 2 1 2 4 13 48
GROUP 144 153
2 0
2 0 1
3 0 1 2
2 1 1 2 8
3 0 1 2 4 12
2 1 1 2 4 14 48
GROUP 144 154
2 0
2 0 1
3 0 1 2
2 1 1 2 8
3 0 1 2 4 12
2 3 1 2 4 14 48
GROUP 144 155
2 0
2 0 1
3 0 1 2
2 1 1 2 8
3 0 1 2 4 12
2 0 1 3 4 12 48
GROUP 144 156
2 0
2 0 1
3 0 1 2
2 0 1 3 8
3 0 1 2 4 12
2 0 1 2 8 12 48
GROUP 144 157
2 0
2 0 1
3 0 1 2
2 0 1 3 8
3 0 1 2 4 12
2 1 1 2 8 12 48
GROUP 144 158
2 0
2 1 1
3 0 1 2
2 0 1 2 8
3 0 1 2 4 12
2 0 1 2 4 12 48
GROUP 144 159
2 0
2 1 1
3 0 1 2
2 0 1 2 8
3 0 1 2 4 12
2 2 1 2 4 12 48
GROUP 144 160
2 0
2 1 1
3 0 1 2
2 0 1 2 8
3 0 1 2 4 12
2 0 1 2 4 13 48
GROUP 144 161
2 0
2 1 1
3 0 1 2
2 0 1 2 8
3 0 1 2 4 12
2 2 1 2 4 13 48
GROUP 144 162
2 0
2 1 1
3 0 1 2
2 0 1 2 8
3 0 1 2 4 12
2 0 1 3 4 12 48
GROUP 144 163
2 0
2 1 1
3 0 1 2
2 0 1 2 8
3 0 1 2 4 12
2 1 1 3 4 12 48
GROUP 144 164
2 0
2 1 1
3 0 1 2
2 0 1 2 8
3 0 1 2 4 12
2 0 1 3 4 13 48
GROUP 144 165
2 0
2 1 1
3 0 1 2
2 0 1 2 8
3 0 1 2 4 12
2 1 1 3 4 13 48
GROUP 144 166
2 0
2 1 1
3 0 1 2
2 2 1 2 8
3 0 1 2 4 12
2 2 1 2 4 12 48
GROUP 144 167
2 0
2 1 1
3 0 1 2
2 2 1 2 8
3 0 1 2 4 12
2 2 1 2 4 13 48
GROUP 144 168
2 0
2 1 1
3 0 1 2
2 2 1 2 8
3 0 1 2 4 12
2 0 1 3 4 14 48
GROUP 144 169
2 0
2 1 1
3 0 1 2
2 2 1 2 8
3 0 1 2 4 12
2 1 1 3 4 14 48
GROUP 144 170
2 0
2 1 1
3 0 1 2
2 2 1 2 8
3 0 1 2 4 12
2 0 1 3 4 15 48
GROUP 144 171
2 0
2 1 1
3 0 1 2
2 2 1 2 8
3 0 1 2 4 12
2 1 1 3 4 15 48
GROUP 144 172
2 0
2 1 1
3 0 1 2
2 0 1 3 8
3 0 1 2 4 12
2 0 1 2 8 12 48
GROUP 144 173
2 0
2 1 1
3 0 1 2
2 0 1 3 8
3 0 1 2 4 12
2 1 1 2 8 12 48
GROUP 144 174
2 0
2 1 1
3 0 1 2
2 0 1 3 8
3 0 1 2 4 12
2 2 1 2 8 14 48
GROUP 144 175
2 0
2 1 1
3 0 1 2
2 0 1 3 8
3 0 1 2 4 12
2 3 1 2 8 14 48
GROUP 144 176
2 0
2 1 1
3 0 1 2
2 1 1 3 8
3 0 1 2 4 12
2 0 1 2 8 12 48
GROUP 144 177
2 0
2 1 1
3 0 1 2
2 1 1 3 8
3 0 1 2 4 12
2 3 1 2 8 14 48
GROUP 144 178
2 0
2 0 1
3 0 1 2
3 0 1 2 4
2 0 1 2 8 24
2 36 1 2 12 8 36
GROUP 144 179
2 0
2 0 1
3 0 1 2
3 0 1 2 4
2 0 1 2 8 24
2 36 1 3 12 8 36
GROUP 144 180
2 0
2 0 1
3 0 1 2
3 0 1 2 4
2 1 1 2 8 24
2 36 1 2 12 8 36
GROUP 144 181
2 0
2 0 1
3 0 1 2
3 0 1 2 4
2 1 1 2 8 24
2 36 1 3 12 8 36
GROUP 144 182
2 0
2 1 1
3 0 1 2
3 0 1 2 4
2 0 1 2 8 24
2 36 1 2 12 8 36
GROUP 144 183
2 0
2 1 1
3 0 1 2
3 0 1 2 4
2 0 1 2 8 24
2 38 1 2 12 8 36
GROUP 144 184
2 0
2 1 1
3 0 1 2
3 0 1 2 4
2 0 1 2 8 24
2 36 1 3 12 8 36
GROUP 144 185
2 0
2 1 1
3 0 1 2
3 0 1 2 4
2 0 1 2 8 24
2 38 1 3 12 8 37
GROUP 144 186
2 0
2 1 1
3 0 1 2
3 0 1 2 4
2 2 1 2 8 24
2 36 1 2 12 8 36
GROUP 144 187
2 0
3 0 1
2 0 1 4
3 0 1 2 6
2 0 1 2 6 24
2 0 1 12 36 2 6
GROUP 144 188
2 0
3 0 1
2 0 1 4
3 0 1 2 6
2 0 1 2 6 24
2 1 1 12 36 2 6
GROUP 144 189
2 0
3 0 1
2 0 1 4
3 0 1 2 6
2 0 1 2 7 24
2 0 1 12 36 2 6
GROUP 144 190
2 0
3 0 1
2 0 1 4
3 0 1 2 6
2 0 1 2 7 24
2 1 1 12 36 2 6
GROUP 144 191
2 0
3 0 1
2 1 1 4
3 0 1 2 6
2 1 1 2 6 24
2 1 1 12 36 2 6
GROUP 144 192
2 0
3 0 1
2 1 1 4
3 0 1 2 6
2 1 1 2 7 24
2 1 1 12 36 2 6
GROUP 144 193
2 0
3 0 1
3 0 1 2
2 0 1 4 12
2 18 1 6 4 18
2 54 1 8 10 18 36
GROUP 144 194
2 0
3 0 1
3 0 1 2
2 0 1 4 12
2 18 1 6 4 18
2 18 1 8 14 18 54
GROUP 144 195
2 0
3 0 1
3 0 1 2
2 0 1 4 12
2 18 1 6 4 18
2 19 1 8 14 18 54
GROUP 144 196
2 0
3 0 1
3 0 1 2
2 1 1 4 12
2 18 1 6 4 18
2 54 1 8 10 18 36
GROUP 144 197
3 0
2 0 2
3 0 1 3
2 0 1 3 12
2 0 6 18 1 3
2 39 7 57 8 36 3
