GROUP 152 1
2 0
2 0 1
2 0 1 2
19 0 1 2 4
GROUP 152 2
2 0
2 0 1
2 1 1 2
19 0 1 2 4
GROUP 152 3
2 0
2 0 1
2 0 1 3
19 0 1 2 4
GROUP 152 4
2 0
2 1 1
2 2 1 2
19 0 1 2 4
GROUP 152 5
2 0
2 1 1
2 1 1 3
19 0 1 2 4
GROUP 152 6
2 0
2 0 1
19 0 1 2
2 0 1 2 72
GROUP 152 7
2 0
2 0 1
19 0 1 2
2 1 1 2 72
GROUP 152 8
2 0
2 0 1
19 0 1 2
2 0 1 3 72
GROUP 152 9
2 0
2 1 1
19 0 1 2
2 0 1 2 72
GROUP 152 10
2 0
2 1 1
19 0 1 2
2 2 1 2 72
GROUP 152 11
2 0
2 1 1
19 0 1 2
2 0 1 3 72
GROUP 152 12
2 0
2 1 1
19 0 1 2
2 1 1 3 72
