GROUP 150 1
2 0
3 0 1
5 0 1 2
5 0 1 2 6
GROUP 150 2
2 0
3 0 1
5 0 1 2
5 6 1 2 6
GROUP 150 3
3 0
2 0 2
5 0 1 3
5 0 1 3 6
GROUP 150 4
3 0
2 0 2
5 0 1 3
5 6 1 3 6
GROUP 150 5
5 0
2 0 4
3 0 1 5
5 0 1 5 10
GROUP 150 6
3 0
5 0 1
2 0 2 12
5 0 1 3 15
GROUP 150 7
2 0
5 0 1
5 0 1 2
3 0 1 10 48
GROUP 150 8
5 0
5 0 1
2 0 4 20
3 0 1 5 25
GROUP 150 9
5 0
5 0 1
2 0 4 20
3 25 5 9 25
GROUP 150 10
5 0
5 1 1
2 0 4 24
3 0 1 5 25
GROUP 150 11
3 0
5 0 1
5 0 1 3
2 0 2 12 60
GROUP 150 12
3 0
5 0 1
5 3 1 3
2 0 2 12 72
GROUP 150 13
5 0
5 0 1
3 0 5 24
2 0 1 24 50
