GROUP 156 1
2 0
2 0 1
3 0 1 2
13 0 1 2 4
GROUP 156 2
2 0
2 0 1
3 0 2 3
13 0 1 2 4
GROUP 156 3
2 0
2 1 1
3 0 1 2
13 0 1 2 4
GROUP 156 4
2 0
3 0 1
2 0 1 4
13 0 1 2 6
GROUP 156 5
2 0
3 0 1
2 1 1 4
13 0 1 2 6
GROUP 156 6
2 0
2 0 1
13 0 1 2
3 0 1 2 12
GROUP 156 7
2 0
2 0 1
13 0 1 2
3 0 2 3 12
GROUP 156 8
2 0
2 1 1
13 0 1 2
3 0 1 2 12
GROUP 156 9
2 0
13 0 1
2 0 1 24
3 0 1 2 26
GROUP 156 10
2 0
13 0 1
2 0 1 24
3 0 1 6 26
GROUP 156 11
2 0
13 0 1
2 1 1 24
3 0 1 2 26
GROUP 156 12
2 0
13 0 1
2 1 1 24
3 0 1 6 26
GROUP 156 13
13 0
2 0 12
2 13 5 13
3 0 1 13 26
GROUP 156 14
13 0
2 0 12
2 13 5 13
3 39 2 13 26
GROUP 156 15
2 0
3 0 1
13 0 1 2
2 0 1 4 72
GROUP 156 16
2 0
3 0 1
13 0 1 2
2 1 1 4 72
GROUP 156 17
3 0
2 0 2
13 0 1 3
2 0 1 3 72
GROUP 156 18
13 0
2 0 12
3 0 1 13
2 13 5 13 52
