GROUP 16 1
2 0
2 0 1
2 0 1 2
2 0 1 2 4
GROUP 16 2
2 0
2 0 1
2 0 1 2
2 1 1 2 4
GROUP 16 3
2 0
2 0 1
2 0 1 2
2 0 1 2 5
GROUP 16 4
2 0
2 0 1
2 0 1 2
2 2 1 2 5
GROUP 16 5
2 0
2 0 1
2 1 1 2
2 2 1 2 4
GROUP 16 6
2 0
2 0 1
2 1 1 2
2 4 1 2 4
GROUP 16 7
2 0
2 0 1
2 1 1 2
2 1 1 2 5
GROUP 16 8
2 0
2 0 1
2 1 1 2
2 2 1 2 5
GROUP 16 9
2 0
2 0 1
2 1 1 2
2 0 1 3 4
GROUP 16 10
2 0
2 0 1
2 1 1 2
2 4 1 3 4
GROUP 16 11
2 0
2 0 1
2 0 1 3
2 0 1 4 2
GROUP 16 12
2 0
2 0 1
2 0 1 3
2 1 1 4 2
GROUP 16 13
2 0
2 1 1
2 2 1 2
2 4 1 2 4
GROUP 16 14
2 0
2 1 1
2 2 1 2
2 1 1 3 7
