GROUP 162 1
2 0
3 0 1
3 0 1 2
3 0 1 2 6
3 0 1 2 6 18
GROUP 162 2
2 0
3 0 1
3 0 1 2
3 0 1 2 6
3 2 1 2 6 18
GROUP 162 3
2 0
3 0 1
3 0 1 2
3 0 1 2 6
3 0 1 2 6 20
GROUP 162 4
2 0
3 0 1
3 0 1 2
3 0 1 2 6
3 2 1 2 6 20
GROUP 162 5
2 0
3 0 1
3 0 1 2
3 0 1 2 6
3 6 1 2 6 20
GROUP 162 6
2 0
3 0 1
3 0 1 2
3 0 1 2 6
3 0 1 2 8 24
GROUP 162 7
2 0
3 0 1
3 0 1 2
3 2 1 2 6
3 6 1 2 6 18
GROUP 162 8
2 0
3 0 1
3 0 1 2
3 2 1 2 6
3 18 1 2 6 18
GROUP 162 9
2 0
3 0 1
3 0 1 2
3 2 1 2 6
3 6 1 2 6 20
GROUP 162 10
2 0
3 0 1
3 0 1 2
3 2 1 2 6
3 0 1 2 8 18
GROUP 162 11
2 0
3 0 1
3 0 1 2
3 2 1 2 6
3 18 1 2 8 18
GROUP 162 12
2 0
3 0 1
3 0 1 2
3 2 1 2 6
3 0 1 2 8 24
GROUP 162 13
2 0
3 0 1
3 0 1 2
3 2 1 2 6
3 0 1 2 8 30
GROUP 162 14
2 0
3 0 1
3 0 1 2
3 2 1 2 6
3 2 1 2 8 30
GROUP 162 15
2 0
3 0 1
3 2 1 2
3 6 1 2 6
3 18 1 2 6 18
GROUP 162 16
3 0
2 0 2
3 0 1 3
3 0 1 3 6
3 0 1 3 6 18
GROUP 162 17
3 0
2 0 2
3 0 1 3
3 0 1 3 6
3 6 1 3 6 18
GROUP 162 18
3 0
2 0 2
3 0 1 3
3 0 1 3 6
3 0 1 3 6 24
GROUP 162 19
3 0
2 0 2
3 0 1 3
3 0 1 3 6
3 6 1 3 6 24
GROUP 162 20
3 0
2 0 2
3 0 1 3
3 6 1 3 6
3 18 1 3 6 18
GROUP 162 21
3 0
3 0 1
2 0 2 6
3 0 1 3 9
3 0 1 3 9 18
GROUP 162 22
3 0
3 0 1
2 0 2 6
3 0 1 3 9
3 18 1 3 9 18
GROUP 162 23
3 0
3 0 1
2 0 2 6
3 0 1 3 9
3 0 1 4 9 18
GROUP 162 24
3 0
3 0 1
2 0 2 6
3 0 1 3 9
3 18 1 4 9 18
GROUP 162 25
3 0
3 1 1
2 0 2 8
3 0 1 3 9
3 0 1 3 9 18
GROUP 162 26
3 0
3 1 1
2 0 2 8
3 0 1 3 9
3 18 1 3 9 18
GROUP 162 27
3 0
3 1 1
2 0 2 8
3 0 1 3 9
3 0 1 4 9 18
GROUP 162 28
3 0
3 1 1
2 0 2 8
3 0 1 3 9
3 18 1 4 9 18
GROUP 162 29
3 0
3 0 1
3 0 1 3
2 0 2 6 18
3 0 1 3 9 27
GROUP 162 30
3 0
3 0 1
3 0 1 3
2 0 2 6 18
3 0 1 3 10 27
GROUP 162 31
3 0
3 0 1
3 0 1 3
2 0 2 6 18
3 0 1 4 12 27
GROUP 162 32
3 0
3 0 1
3 1 1 3
2 0 2 6 20
3 0 1 3 9 27
GROUP 162 33
3 0
3 0 1
3 1 1 3
2 0 2 6 20
3 0 1 3 10 27
GROUP 162 34
3 0
3 0 1
3 1 1 3
2 0 2 6 20
3 0 1 3 12 27
GROUP 162 35
3 0
3 0 1
3 1 1 3
2 0 2 6 20
3 0 1 4 9 27
GROUP 162 36
3 0
3 0 1
3 1 1 3
2 0 2 6 20
3 0 1 4 12 27
GROUP 162 37
3 0
3 0 1
3 1 1 3
2 0 2 6 20
3 0 1 4 15 27
GROUP 162 38
3 0
3 0 1
3 0 1 4
2 0 1 6 18
3 0 1 3 9 27
GROUP 162 39
3 0
3 0 1
3 0 1 4
2 0 1 6 18
3 1 1 3 9 27
GROUP 162 40
3 0
3 0 1
3 0 1 4
2 0 1 6 18
3 0 1 3 12 30
GROUP 162 41
3 0
3 0 1
3 0 1 4
2 0 1 6 18
3 1 1 3 12 30
GROUP 162 42
3 0
3 0 1
3 0 1 4
2 0 1 6 18
3 2 1 3 12 30
GROUP 162 43
3 0
3 1 1
3 3 1 3
2 0 2 8 26
3 0 1 3 9 27
GROUP 162 44
3 0
3 1 1
3 3 1 3
2 0 2 8 26
3 0 1 3 10 27
GROUP 162 45
3 0
3 0 1
3 0 1 3
3 0 1 3 9
2 0 2 6 18 54
GROUP 162 46
3 0
3 0 1
3 0 1 3
3 1 1 3 9
2 0 2 6 18 56
GROUP 162 47
3 0
3 0 1
3 0 1 3
3 0 1 3 10
2 0 1 6 18 54
GROUP 162 48
3 0
3 0 1
3 0 1 3
3 3 1 3 10
2 0 1 6 18 60
GROUP 162 49
3 0
3 0 1
3 0 1 3
3 0 1 4 12
2 0 2 3 24 54
GROUP 162 50
3 0
3 0 1
3 1 1 3
3 3 1 3 9
2 0 2 6 20 60
GROUP 162 51
3 0
3 0 1
3 1 1 3
3 9 1 3 9
2 0 2 6 20 74
GROUP 162 52
3 0
3 0 1
3 1 1 3
3 0 1 4 12
2 0 2 3 26 54
GROUP 162 53
3 0
3 0 1
3 1 1 3
3 0 1 4 15
2 0 2 3 23 54
GROUP 162 54
3 0
3 0 1
3 1 1 3
3 1 1 4 15
2 6 2 3 23 54
GROUP 162 55
3 0
3 1 1
3 3 1 3
3 9 1 3 9
2 0 2 8 26 80
