GROUP 160 1
2 0
2 0 1
2 0 1 2
2 0 1 2 4
2 0 1 2 4 8
5 0 1 2 4 8 16
GROUP 160 2
2 0
2 0 1
2 0 1 2
2 0 1 2 4
2 0 1 2 4 8
5 0 1 4 8 16 30
GROUP 160 3
2 0
2 0 1
2 0 1 2
2 0 1 2 4
2 1 1 2 4 8
5 0 1 2 4 8 16
GROUP 160 4
2 0
2 0 1
2 0 1 2
2 0 1 2 4
2 0 1 2 4 9
5 0 1 2 4 8 16
GROUP 160 5
2 0
2 0 1
2 0 1 2
2 0 1 2 4
2 2 1 2 4 9
5 0 1 2 4 8 16
GROUP 160 6
2 0
2 0 1
2 0 1 2
2 0 1 2 4
2 0 1 2 5 10
5 0 1 2 4 8 16
GROUP 160 7
2 0
2 0 1
2 0 1 2
2 1 1 2 4
2 2 1 2 4 8
5 0 1 2 4 8 16
GROUP 160 8
2 0
2 0 1
2 0 1 2
2 1 1 2 4
2 8 1 2 4 8
5 0 1 2 4 8 16
GROUP 160 9
2 0
2 0 1
2 0 1 2
2 1 1 2 4
2 1 1 2 4 9
5 0 1 2 4 8 16
GROUP 160 10
2 0
2 0 1
2 0 1 2
2 1 1 2 4
2 2 1 2 4 9
5 0 1 2 4 8 16
GROUP 160 11
2 0
2 0 1
2 0 1 2
2 1 1 2 4
2 4 1 2 4 10
5 0 1 2 4 8 16
GROUP 160 12
2 0
2 0 1
2 0 1 2
2 1 1 2 4
2 0 1 2 5 8
5 0 1 2 4 8 16
GROUP 160 13
2 0
2 0 1
2 0 1 2
2 1 1 2 4
2 2 1 2 5 8
5 0 1 2 4 8 16
GROUP 160 14
2 0
2 0 1
2 0 1 2
2 1 1 2 4
2 8 1 2 5 8
5 0 1 2 4 8 16
GROUP 160 15
2 0
2 0 1
2 0 1 2
2 1 1 2 4
2 0 1 2 5 10
5 0 1 2 4 8 16
GROUP 160 16
2 0
2 0 1
2 0 1 2
2 1 1 2 4
2 0 1 2 6 8
5 0 1 2 4 8 16
GROUP 160 17
2 0
2 0 1
2 0 1 2
2 1 1 2 4
2 8 1 2 6 8
5 0 1 2 4 8 16
GROUP 160 18
2 0
2 0 1
2 0 1 2
2 1 1 2 4
2 0 1 2 6 9
5 0 1 2 4 8 16
GROUP 160 19
2 0
2 0 1
2 0 1 2
2 1 1 2 4
2 1 1 2 6 9
5 0 1 2 4 8 16
GROUP 160 20
2 0
2 0 1
2 0 1 2
2 0 1 2 5
2 2 1 2 6 10
5 0 1 2 4 8 16
GROUP 160 21
2 0
2 0 1
2 0 1 2
2 0 1 2 5
2 3 1 2 6 10
5 0 1 2 4 8 16
GROUP 160 22
2 0
2 0 1
2 0 1 2
2 0 1 2 5
2 0 1 2 8 4
5 0 1 2 4 8 16
GROUP 160 23
2 0
2 0 1
2 0 1 2
2 0 1 2 5
2 1 1 2 8 4
5 0 1 2 4 8 16
GROUP 160 24
2 0
2 0 1
2 0 1 2
2 0 1 2 5
2 2 1 2 8 4
5 0 1 2 4 8 16
GROUP 160 25
2 0
2 0 1
2 0 1 2
2 0 1 2 5
2 0 1 3 4 8
5 0 1 2 4 8 16
GROUP 160 26
2 0
2 0 1
2 0 1 2
2 0 1 2 5
2 4 1 3 4 10
5 0 1 2 4 8 16
GROUP 160 27
2 0
2 0 1
2 0 1 2
2 0 1 2 5
2 12 1 3 6 10
5 0 1 2 4 8 16
GROUP 160 28
2 0
2 0 1
2 0 1 2
2 0 1 2 5
2 0 1 3 8 4
5 0 1 2 4 8 16
GROUP 160 29
2 0
2 0 1
2 0 1 2
2 2 1 2 5
2 3 1 2 6 8
5 0 1 2 4 8 16
GROUP 160 30
2 0
2 0 1
2 1 1 2
2 2 1 2 4
2 4 1 2 4 8
5 0 1 2 4 8 16
GROUP 160 31
2 0
2 0 1
2 1 1 2
2 2 1 2 4
2 4 1 2 4 9
5 0 1 2 4 8 16
GROUP 160 32
2 0
2 0 1
2 1 1 2
2 2 1 2 4
2 2 1 2 4 10
5 0 1 2 4 8 16
GROUP 160 33
2 0
2 0 1
2 1 1 2
2 2 1 2 4
2 4 1 2 4 10
5 0 1 2 4 8 16
GROUP 160 34
2 0
2 0 1
2 1 1 2
2 2 1 2 4
2 1 1 2 5 10
5 0 1 2 4 8 16
GROUP 160 35
2 0
2 0 1
2 1 1 2
2 2 1 2 4
2 2 1 2 5 11
5 0 1 2 4 8 16
GROUP 160 36
2 0
2 0 1
2 1 1 2
2 2 1 2 4
2 0 1 3 4 14
5 0 1 2 4 8 16
GROUP 160 37
2 0
2 0 1
2 1 1 2
2 4 1 2 4
2 8 1 2 4 8
5 0 1 2 4 8 16
GROUP 160 38
2 0
2 0 1
2 1 1 2
2 4 1 2 4
2 2 1 2 5 12
5 0 1 2 4 8 16
GROUP 160 39
2 0
2 0 1
2 1 1 2
2 4 1 2 4
2 1 1 2 5 13
5 0 1 2 4 8 16
GROUP 160 40
2 0
2 0 1
2 1 1 2
2 4 1 2 4
2 2 1 2 5 13
5 0 1 2 4 8 16
GROUP 160 41
2 0
2 0 1
2 1 1 2
2 4 1 2 4
2 1 1 2 5 14
5 0 1 2 4 8 16
GROUP 160 42
2 0
2 0 1
2 1 1 2
2 4 1 2 4
2 0 1 3 4 8
5 0 1 2 4 8 16
GROUP 160 43
2 0
2 0 1
2 1 1 2
2 4 1 2 4
2 8 1 3 4 8
5 0 1 2 4 8 16
GROUP 160 44
2 0
2 0 1
2 1 1 2
2 4 1 2 4
2 0 1 3 5 12
5 0 1 2 4 8 16
GROUP 160 45
2 0
2 0 1
2 1 1 2
2 4 1 2 4
2 6 1 3 5 12
5 0 1 2 4 8 16
GROUP 160 46
2 0
2 0 1
2 1 1 2
2 1 1 2 5
2 0 1 3 4 8
5 0 1 2 4 8 16
GROUP 160 47
2 0
2 0 1
2 1 1 2
2 1 1 2 5
2 0 1 3 4 8
5 0 1 16 8 20 26
GROUP 160 48
2 0
2 0 1
2 1 1 2
2 1 1 2 5
2 4 1 3 4 10
5 0 1 2 4 8 16
GROUP 160 49
2 0
2 0 1
2 1 1 2
2 1 1 2 5
2 4 1 3 4 12
5 0 1 2 4 8 16
GROUP 160 50
2 0
2 0 1
2 0 1 3
2 0 1 4 2
2 0 1 8 14 2
5 0 1 2 4 8 16
GROUP 160 51
2 0
2 0 1
2 0 1 3
2 0 1 4 2
2 1 1 8 14 2
5 0 1 2 4 8 16
GROUP 160 52
2 0
2 1 1
2 2 1 2
2 4 1 2 4
2 8 1 2 4 8
5 0 1 2 4 8 16
GROUP 160 53
2 0
2 1 1
2 2 1 2
2 4 1 2 4
2 1 1 3 7 15
5 0 1 2 4 8 16
GROUP 160 54
2 0
2 0 1
2 0 1 2
2 0 1 2 4
5 0 1 2 4 8
2 0 1 2 4 8 64
GROUP 160 55
2 0
2 0 1
2 0 1 2
2 0 1 2 4
5 0 1 2 4 8
2 1 1 2 4 8 64
GROUP 160 56
2 0
2 0 1
2 0 1 2
2 0 1 2 4
5 0 1 2 4 8
2 0 1 2 4 9 64
GROUP 160 57
2 0
2 0 1
2 0 1 2
2 0 1 2 4
5 0 1 2 4 8
2 2 1 2 4 9 64
GROUP 160 58
2 0
2 0 1
2 0 1 2
2 0 1 2 4
5 0 1 2 4 8
2 0 1 2 5 10 64
GROUP 160 59
2 0
2 0 1
2 0 1 2
2 0 1 2 4
5 0 2 4 8 15
2 0 1 15 8 4 64
GROUP 160 60
2 0
2 0 1
2 0 1 2
2 1 1 2 4
5 0 1 2 4 8
2 0 1 2 4 8 64
GROUP 160 61
2 0
2 0 1
2 0 1 2
2 1 1 2 4
5 0 1 2 4 8
2 2 1 2 4 8 64
GROUP 160 62
2 0
2 0 1
2 0 1 2
2 1 1 2 4
5 0 1 2 4 8
2 8 1 2 4 8 64
GROUP 160 63
2 0
2 0 1
2 0 1 2
2 1 1 2 4
5 0 1 2 4 8
2 0 1 2 4 9 64
GROUP 160 64
2 0
2 0 1
2 0 1 2
2 1 1 2 4
5 0 1 2 4 8
2 1 1 2 4 9 64
GROUP 160 65
2 0
2 0 1
2 0 1 2
2 1 1 2 4
5 0 1 2 4 8
2 2 1 2 4 9 64
GROUP 160 66
2 0
2 0 1
2 0 1 2
2 1 1 2 4
5 0 1 2 4 8
2 0 1 2 4 10 64
GROUP 160 67
2 0
2 0 1
2 0 1 2
2 1 1 2 4
5 0 1 2 4 8
2 1 1 2 4 10 64
GROUP 160 68
2 0
2 0 1
2 0 1 2
2 1 1 2 4
5 0 1 2 4 8
2 4 1 2 4 10 64
GROUP 160 69
2 0
2 0 1
2 0 1 2
2 1 1 2 4
5 0 1 2 4 8
2 0 1 2 5 8 64
GROUP 160 70
2 0
2 0 1
2 0 1 2
2 1 1 2 4
5 0 1 2 4 8
2 2 1 2 5 8 64
GROUP 160 71
2 0
2 0 1
2 0 1 2
2 1 1 2 4
5 0 1 2 4 8
2 8 1 2 5 8 64
GROUP 160 72
2 0
2 0 1
2 0 1 2
2 1 1 2 4
5 0 1 2 4 8
2 0 1 2 5 10 64
GROUP 160 73
2 0
2 0 1
2 0 1 2
2 1 1 2 4
5 0 1 2 4 8
2 0 1 2 6 8 64
GROUP 160 74
2 0
2 0 1
2 0 1 2
2 1 1 2 4
5 0 1 2 4 8
2 8 1 2 6 8 64
GROUP 160 75
2 0
2 0 1
2 0 1 2
2 1 1 2 4
5 0 1 2 4 8
2 0 1 2 6 9 64
GROUP 160 76
2 0
2 0 1
2 0 1 2
2 1 1 2 4
5 0 1 2 4 8
2 1 1 2 6 9 64
GROUP 160 77
2 0
2 0 1
2 0 1 2
2 0 1 2 5
5 0 1 2 4 8
2 0 1 2 4 8 64
GROUP 160 78
2 0
2 0 1
2 0 1 2
2 0 1 2 5
5 0 1 2 4 8
2 1 1 2 4 8 64
GROUP 160 79
2 0
2 0 1
2 0 1 2
2 0 1 2 5
5 0 1 2 4 8
2 2 1 2 4 8 64
GROUP 160 80
2 0
2 0 1
2 0 1 2
2 0 1 2 5
5 0 1 2 4 8
2 0 1 2 4 10 64
GROUP 160 81
2 0
2 0 1
2 0 1 2
2 0 1 2 5
5 0 1 2 4 8
2 1 1 2 4 10 64
GROUP 160 82
2 0
2 0 1
2 0 1 2
2 0 1 2 5
5 0 1 2 4 8
2 2 1 2 4 10 64
GROUP 160 83
2 0
2 0 1
2 0 1 2
2 0 1 2 5
5 0 1 2 4 8
2 0 1 2 6 10 64
GROUP 160 84
2 0
2 0 1
2 0 1 2
2 0 1 2 5
5 0 1 2 4 8
2 2 1 2 6 10 64
GROUP 160 85
2 0
2 0 1
2 0 1 2
2 0 1 2 5
5 0 1 2 4 8
2 3 1 2 6 10 64
GROUP 160 86
2 0
2 0 1
2 0 1 2
2 0 1 2 5
5 0 1 2 4 8
2 0 1 2 8 4 64
GROUP 160 87
2 0
2 0 1
2 0 1 2
2 0 1 2 5
5 0 1 2 4 8
2 1 1 2 8 4 64
GROUP 160 88
2 0
2 0 1
2 0 1 2
2 0 1 2 5
5 0 1 2 4 8
2 2 1 2 8 4 64
GROUP 160 89
2 0
2 0 1
2 0 1 2
2 0 1 2 5
5 0 1 2 4 8
2 0 1 3 4 8 64
GROUP 160 90
2 0
2 0 1
2 0 1 2
2 0 1 2 5
5 0 1 2 4 8
2 4 1 3 4 10 64
GROUP 160 91
2 0
2 0 1
2 0 1 2
2 0 1 2 5
5 0 1 2 4 8
2 12 1 3 6 10 64
GROUP 160 92
2 0
2 0 1
2 0 1 2
2 0 1 2 5
5 0 1 2 4 8
2 0 1 3 8 4 64
GROUP 160 93
2 0
2 0 1
2 0 1 2
2 2 1 2 5
5 0 1 2 4 8
2 0 1 2 4 8 64
GROUP 160 94
2 0
2 0 1
2 0 1 2
2 2 1 2 5
5 0 1 2 4 8
2 1 1 2 4 8 64
GROUP 160 95
2 0
2 0 1
2 0 1 2
2 2 1 2 5
5 0 1 2 4 8
2 2 1 2 4 8 64
GROUP 160 96
2 0
2 0 1
2 0 1 2
2 2 1 2 5
5 0 1 2 4 8
2 0 1 2 4 10 64
GROUP 160 97
2 0
2 0 1
2 0 1 2
2 2 1 2 5
5 0 1 2 4 8
2 1 1 2 4 10 64
GROUP 160 98
2 0
2 0 1
2 0 1 2
2 2 1 2 5
5 0 1 2 4 8
2 2 1 2 4 10 64
GROUP 160 99
2 0
2 0 1
2 0 1 2
2 2 1 2 5
5 0 1 2 4 8
2 0 1 2 6 8 64
GROUP 160 100
2 0
2 0 1
2 0 1 2
2 2 1 2 5
5 0 1 2 4 8
2 1 1 2 6 8 64
GROUP 160 101
2 0
2 0 1
2 0 1 2
2 2 1 2 5
5 0 1 2 4 8
2 2 1 2 6 8 64
GROUP 160 102
2 0
2 0 1
2 0 1 2
2 2 1 2 5
5 0 1 2 4 8
2 3 1 2 6 8 64
GROUP 160 103
2 0
2 0 1
2 0 1 2
2 2 1 2 5
5 0 1 2 4 8
2 0 1 3 4 12 64
GROUP 160 104
2 0
2 0 1
2 1 1 2
2 2 1 2 4
5 0 1 2 4 8
2 0 1 2 4 8 64
GROUP 160 105
2 0
2 0 1
2 1 1 2
2 2 1 2 4
5 0 1 2 4 8
2 4 1 2 4 8 64
GROUP 160 106
2 0
2 0 1
2 1 1 2
2 2 1 2 4
5 0 1 2 4 8
2 0 1 2 4 9 64
GROUP 160 107
2 0
2 0 1
2 1 1 2
2 2 1 2 4
5 0 1 2 4 8
2 4 1 2 4 9 64
GROUP 160 108
2 0
2 0 1
2 1 1 2
2 2 1 2 4
5 0 1 2 4 8
2 0 1 2 4 10 64
GROUP 160 109
2 0
2 0 1
2 1 1 2
2 2 1 2 4
5 0 1 2 4 8
2 2 1 2 4 10 64
GROUP 160 110
2 0
2 0 1
2 1 1 2
2 2 1 2 4
5 0 1 2 4 8
2 4 1 2 4 10 64
GROUP 160 111
2 0
2 0 1
2 1 1 2
2 2 1 2 4
5 0 1 2 4 8
2 0 1 2 5 10 64
GROUP 160 112
2 0
2 0 1
2 1 1 2
2 2 1 2 4
5 0 1 2 4 8
2 1 1 2 5 10 64
GROUP 160 113
2 0
2 0 1
2 1 1 2
2 2 1 2 4
5 0 1 2 4 8
2 0 1 2 5 11 64
GROUP 160 114
2 0
2 0 1
2 1 1 2
2 2 1 2 4
5 0 1 2 4 8
2 2 1 2 5 11 64
GROUP 160 115
2 0
2 0 1
2 1 1 2
2 2 1 2 4
5 0 1 2 4 8
2 0 1 2 6 11 64
GROUP 160 116
2 0
2 0 1
2 1 1 2
2 2 1 2 4
5 0 1 2 4 8
2 0 1 3 4 14 64
GROUP 160 117
2 0
2 0 1
2 1 1 2
2 4 1 2 4
5 0 1 2 4 8
2 0 1 2 4 8 64
GROUP 160 118
2 0
2 0 1
2 1 1 2
2 4 1 2 4
5 0 1 2 4 8
2 2 1 2 4 8 64
GROUP 160 119
2 0
2 0 1
2 1 1 2
2 4 1 2 4
5 0 1 2 4 8
2 8 1 2 4 8 64
GROUP 160 120
2 0
2 0 1
2 1 1 2
2 4 1 2 4
5 0 1 2 4 8
2 0 1 2 4 9 64
GROUP 160 121
2 0
2 0 1
2 1 1 2
2 4 1 2 4
5 0 1 2 4 8
2 2 1 2 4 9 64
GROUP 160 122
2 0
2 0 1
2 1 1 2
2 4 1 2 4
5 0 1 2 4 8
2 0 1 2 4 10 64
GROUP 160 123
2 0
2 0 1
2 1 1 2
2 4 1 2 4
5 0 1 2 4 8
2 2 1 2 4 10 64
GROUP 160 124
2 0
2 0 1
2 1 1 2
2 4 1 2 4
5 0 1 2 4 8
2 0 1 2 5 12 64
GROUP 160 125
2 0
2 0 1
2 1 1 2
2 4 1 2 4
5 0 1 2 4 8
2 2 1 2 5 12 64
GROUP 160 126
2 0
2 0 1
2 1 1 2
2 4 1 2 4
5 0 1 2 4 8
2 0 1 2 5 13 64
GROUP 160 127
2 0
2 0 1
2 1 1 2
2 4 1 2 4
5 0 1 2 4 8
2 1 1 2 5 13 64
GROUP 160 128
2 0
2 0 1
2 1 1 2
2 4 1 2 4
5 0 1 2 4 8
2 2 1 2 5 13 64
GROUP 160 129
2 0
2 0 1
2 1 1 2
2 4 1 2 4
5 0 1 2 4 8
2 0 1 2 5 14 64
GROUP 160 130
2 0
2 0 1
2 1 1 2
2 4 1 2 4
5 0 1 2 4 8
2 1 1 2 5 14 64
GROUP 160 131
2 0
2 0 1
2 1 1 2
2 4 1 2 4
5 0 1 2 4 8
2 0 1 3 4 8 64
GROUP 160 132
2 0
2 0 1
2 1 1 2
2 4 1 2 4
5 0 1 2 4 8
2 8 1 3 4 8 64
GROUP 160 133
2 0
2 0 1
2 1 1 2
2 4 1 2 4
5 0 1 2 4 8
2 0 1 3 5 12 64
GROUP 160 134
2 0
2 0 1
2 1 1 2
2 4 1 2 4
5 0 1 2 4 8
2 6 1 3 5 12 64
GROUP 160 135
2 0
2 0 1
2 1 1 2
2 1 1 2 5
5 0 1 2 4 8
2 0 1 2 4 8 64
GROUP 160 136
2 0
2 0 1
2 1 1 2
2 1 1 2 5
5 0 1 2 4 8
2 1 1 2 4 8 64
GROUP 160 137
2 0
2 0 1
2 1 1 2
2 1 1 2 5
5 0 1 2 4 8
2 2 1 2 4 8 64
GROUP 160 138
2 0
2 0 1
2 1 1 2
2 1 1 2 5
5 0 1 2 4 8
2 0 1 2 4 10 64
GROUP 160 139
2 0
2 0 1
2 1 1 2
2 1 1 2 5
5 0 1 2 4 8
2 2 1 2 4 10 64
GROUP 160 140
2 0
2 0 1
2 1 1 2
2 1 1 2 5
5 0 1 2 4 8
2 3 1 2 4 10 64
GROUP 160 141
2 0
2 0 1
2 1 1 2
2 1 1 2 5
5 0 1 2 4 8
2 4 1 2 4 12 64
GROUP 160 142
2 0
2 0 1
2 1 1 2
2 1 1 2 5
5 0 1 2 4 8
2 5 1 2 4 12 64
GROUP 160 143
2 0
2 0 1
2 1 1 2
2 1 1 2 5
5 0 1 2 4 8
2 6 1 2 4 12 64
GROUP 160 144
2 0
2 0 1
2 1 1 2
2 1 1 2 5
5 0 1 2 4 8
2 0 1 3 4 8 64
GROUP 160 145
2 0
2 0 1
2 1 1 2
2 1 1 2 5
5 0 1 2 4 8
2 4 1 3 4 10 64
GROUP 160 146
2 0
2 0 1
2 1 1 2
2 1 1 2 5
5 0 1 2 4 8
2 4 1 3 4 12 64
GROUP 160 147
2 0
2 0 1
2 1 1 2
2 2 1 2 5
5 0 1 2 4 8
2 0 1 2 4 8 64
GROUP 160 148
2 0
2 0 1
2 1 1 2
2 2 1 2 5
5 0 1 2 4 8
2 1 1 2 4 8 64
GROUP 160 149
2 0
2 0 1
2 1 1 2
2 2 1 2 5
5 0 1 2 4 8
2 2 1 2 4 8 64
GROUP 160 150
2 0
2 0 1
2 1 1 2
2 2 1 2 5
5 0 1 2 4 8
2 3 1 2 4 8 64
GROUP 160 151
2 0
2 0 1
2 1 1 2
2 2 1 2 5
5 0 1 2 4 8
2 0 1 2 4 10 64
GROUP 160 152
2 0
2 0 1
2 1 1 2
2 2 1 2 5
5 0 1 2 4 8
2 1 1 2 4 10 64
GROUP 160 153
2 0
2 0 1
2 1 1 2
2 2 1 2 5
5 0 1 2 4 8
2 2 1 2 4 10 64
GROUP 160 154
2 0
2 0 1
2 1 1 2
2 2 1 2 5
5 0 1 2 4 8
2 3 1 2 4 10 64
GROUP 160 155
2 0
2 0 1
2 1 1 2
2 2 1 2 5
5 0 1 2 4 8
2 4 1 2 4 12 64
GROUP 160 156
2 0
2 0 1
2 1 1 2
2 2 1 2 5
5 0 1 2 4 8
2 5 1 2 4 12 64
GROUP 160 157
2 0
2 0 1
2 1 1 2
2 2 1 2 5
5 0 1 2 4 8
2 6 1 2 4 12 64
GROUP 160 158
2 0
2 0 1
2 1 1 2
2 2 1 2 5
5 0 1 2 4 8
2 7 1 2 4 12 64
GROUP 160 159
2 0
2 0 1
2 1 1 2
2 2 1 2 5
5 0 1 2 4 8
2 0 1 2 6 8 64
GROUP 160 160
2 0
2 0 1
2 1 1 2
2 2 1 2 5
5 0 1 2 4 8
2 1 1 2 6 8 64
GROUP 160 161
2 0
2 0 1
2 1 1 2
2 2 1 2 5
5 0 1 2 4 8
2 2 1 2 6 8 64
GROUP 160 162
2 0
2 0 1
2 1 1 2
2 2 1 2 5
5 0 1 2 4 8
2 3 1 2 6 8 64
GROUP 160 163
2 0
2 0 1
2 1 1 2
2 0 1 3 4
5 0 1 2 4 8
2 0 1 2 4 8 64
GROUP 160 164
2 0
2 0 1
2 1 1 2
2 0 1 3 4
5 0 1 2 4 8
2 4 1 2 4 8 64
GROUP 160 165
2 0
2 0 1
2 1 1 2
2 0 1 3 4
5 0 1 2 4 8
2 2 1 2 4 14 64
GROUP 160 166
2 0
2 0 1
2 1 1 2
2 0 1 3 4
5 0 1 2 4 8
2 6 1 2 4 14 64
GROUP 160 167
2 0
2 0 1
2 1 1 2
2 0 1 3 4
5 0 1 2 4 8
2 0 1 2 5 8 64
GROUP 160 168
2 0
2 0 1
2 1 1 2
2 0 1 3 4
5 0 1 2 4 8
2 1 1 2 5 8 64
GROUP 160 169
2 0
2 0 1
2 1 1 2
2 0 1 3 4
5 0 1 2 4 8
2 0 1 2 5 14 64
GROUP 160 170
2 0
2 0 1
2 1 1 2
2 0 1 3 4
5 0 1 2 4 8
2 1 1 2 5 14 64
GROUP 160 171
2 0
2 0 1
2 1 1 2
2 4 1 3 4
5 0 1 2 4 8
2 0 1 2 4 8 64
GROUP 160 172
2 0
2 0 1
2 1 1 2
2 4 1 3 4
5 0 1 2 4 8
2 4 1 2 4 8 64
GROUP 160 173
2 0
2 0 1
2 1 1 2
2 4 1 3 4
5 0 1 2 4 8
2 2 1 2 4 14 64
GROUP 160 174
2 0
2 0 1
2 1 1 2
2 4 1 3 4
5 0 1 2 4 8
2 6 1 2 4 14 64
GROUP 160 175
2 0
2 0 1
2 1 1 2
2 4 1 3 4
5 0 1 2 4 8
2 0 1 2 5 10 64
GROUP 160 176
2 0
2 0 1
2 1 1 2
2 4 1 3 4
5 0 1 2 4 8
2 1 1 2 5 10 64
GROUP 160 177
2 0
2 0 1
2 1 1 2
2 4 1 3 4
5 0 1 2 4 8
2 0 1 2 5 12 64
GROUP 160 178
2 0
2 0 1
2 1 1 2
2 4 1 3 4
5 0 1 2 4 8
2 1 1 2 5 12 64
GROUP 160 179
2 0
2 0 1
2 0 1 3
2 0 1 4 2
5 0 1 2 4 8
2 0 1 2 4 8 64
GROUP 160 180
2 0
2 0 1
2 0 1 3
2 0 1 4 2
5 0 1 2 4 8
2 1 1 2 4 8 64
GROUP 160 181
2 0
2 0 1
2 0 1 3
2 0 1 4 2
5 0 1 2 4 8
2 0 1 2 4 9 64
GROUP 160 182
2 0
2 0 1
2 0 1 3
2 0 1 4 2
5 0 1 2 4 8
2 0 1 8 14 2 64
GROUP 160 183
2 0
2 0 1
2 0 1 3
2 0 1 4 2
5 0 1 2 4 8
2 1 1 8 14 2 64
GROUP 160 184
2 0
2 0 1
2 0 1 3
2 1 1 4 2
5 0 1 2 4 8
2 0 1 2 4 8 64
GROUP 160 185
2 0
2 0 1
2 0 1 3
2 1 1 4 2
5 0 1 2 4 8
2 1 1 2 4 8 64
GROUP 160 186
2 0
2 0 1
2 0 1 3
2 1 1 4 2
5 0 1 2 4 8
2 0 1 2 4 9 64
GROUP 160 187
2 0
2 0 1
2 0 1 3
2 1 1 4 2
5 0 1 2 4 8
2 1 1 2 4 9 64
GROUP 160 188
2 0
2 1 1
2 2 1 2
2 4 1 2 4
5 0 1 2 4 8
2 0 1 2 4 8 64
GROUP 160 189
2 0
2 1 1
2 2 1 2
2 4 1 2 4
5 0 1 2 4 8
2 8 1 2 4 8 64
GROUP 160 190
2 0
2 1 1
2 2 1 2
2 4 1 2 4
5 0 1 2 4 8
2 0 1 2 4 9 64
GROUP 160 191
2 0
2 1 1
2 2 1 2
2 4 1 2 4
5 0 1 2 4 8
2 0 1 3 7 14 64
GROUP 160 192
2 0
2 1 1
2 2 1 2
2 4 1 2 4
5 0 1 2 4 8
2 0 1 3 7 15 64
GROUP 160 193
2 0
2 1 1
2 2 1 2
2 4 1 2 4
5 0 1 2 4 8
2 1 1 3 7 15 64
GROUP 160 194
2 0
2 1 1
2 2 1 2
2 1 1 3 7
5 0 1 2 4 8
2 0 1 2 4 8 64
GROUP 160 195
2 0
2 1 1
2 2 1 2
2 1 1 3 7
5 0 1 2 4 8
2 1 1 2 4 8 64
GROUP 160 196
2 0
2 1 1
2 2 1 2
2 1 1 3 7
5 0 1 2 4 8
2 6 1 2 4 12 64
GROUP 160 197
2 0
2 1 1
2 2 1 2
2 1 1 3 7
5 0 1 2 4 8
2 7 1 2 4 12 64
GROUP 160 198
2 0
2 1 1
2 2 1 2
2 1 1 3 7
5 0 1 2 4 8
2 0 1 2 5 8 64
GROUP 160 199
2 0
2 0 1
2 0 1 2
5 0 1 2 4
2 0 1 2 4 32
2 40 1 2 4 16 40
GROUP 160 200
2 0
2 0 1
2 0 1 2
5 0 1 2 4
2 0 1 2 4 32
2 40 1 2 5 16 40
GROUP 160 201
2 0
2 0 1
2 0 1 2
5 0 1 2 4
2 1 1 2 4 32
2 40 1 2 4 16 40
GROUP 160 202
2 0
2 0 1
2 0 1 2
5 0 1 2 4
2 1 1 2 4 32
2 40 1 2 5 16 40
GROUP 160 203
2 0
2 0 1
2 0 1 2
5 0 1 2 4
2 1 1 2 4 32
2 40 1 2 6 16 40
GROUP 160 204
2 0
2 0 1
2 0 1 2
5 0 1 2 4
2 0 1 2 5 32
2 40 1 3 6 16 40
GROUP 160 205
2 0
2 0 1
2 0 1 2
5 0 1 2 4
2 0 1 2 5 32
2 44 1 3 6 16 42
GROUP 160 206
2 0
2 0 1
2 1 1 2
5 0 1 2 4
2 0 1 2 4 32
2 40 1 2 4 16 40
GROUP 160 207
2 0
2 0 1
2 1 1 2
5 0 1 2 4
2 0 1 2 4 32
2 44 1 2 4 16 40
GROUP 160 208
2 0
2 0 1
2 1 1 2
5 0 1 2 4
2 0 1 2 4 32
2 40 1 2 5 16 40
GROUP 160 209
2 0
2 0 1
2 1 1 2
5 0 1 2 4
2 0 1 2 4 32
2 44 1 2 5 16 41
GROUP 160 210
2 0
2 0 1
2 1 1 2
5 0 1 2 4
2 0 1 2 4 32
2 40 1 2 6 16 40
GROUP 160 211
2 0
2 0 1
2 1 1 2
5 0 1 2 4
2 0 1 2 4 32
2 44 1 2 6 16 42
GROUP 160 212
2 0
2 0 1
2 1 1 2
5 0 1 2 4
2 0 1 2 4 32
2 40 1 3 4 16 40
GROUP 160 213
2 0
2 0 1
2 1 1 2
5 0 1 2 4
2 0 1 2 4 32
2 44 1 3 4 16 40
GROUP 160 214
2 0
2 0 1
2 1 1 2
5 0 1 2 4
2 2 1 2 4 32
2 40 1 2 4 16 40
GROUP 160 215
2 0
2 0 1
2 1 1 2
5 0 1 2 4
2 2 1 2 4 32
2 40 1 2 5 16 40
GROUP 160 216
2 0
2 0 1
2 1 1 2
5 0 1 2 4
2 2 1 2 4 32
2 40 1 2 6 16 40
GROUP 160 217
2 0
2 0 1
2 1 1 2
5 0 1 2 4
2 2 1 2 4 32
2 44 1 2 6 16 42
GROUP 160 218
2 0
2 0 1
2 1 1 2
5 0 1 2 4
2 4 1 2 4 32
2 40 1 2 4 16 40
GROUP 160 219
2 0
2 0 1
2 1 1 2
5 0 1 2 4
2 4 1 2 4 32
2 40 1 3 4 16 40
GROUP 160 220
2 0
2 0 1
2 1 1 2
5 0 1 2 4
2 0 1 2 5 32
2 40 1 3 6 16 40
GROUP 160 221
2 0
2 0 1
2 1 1 2
5 0 1 2 4
2 1 1 2 5 32
2 40 1 3 6 16 40
GROUP 160 222
2 0
2 0 1
2 0 1 3
5 0 1 2 4
2 0 1 2 4 32
2 40 1 2 4 16 40
GROUP 160 223
2 0
2 0 1
2 0 1 3
5 0 1 2 4
2 0 1 2 4 32
2 40 1 4 2 16 40
GROUP 160 224
2 0
2 0 1
2 0 1 3
5 0 1 2 4
2 1 1 2 4 32
2 40 1 2 4 16 40
GROUP 160 225
2 0
2 0 1
2 0 1 3
5 0 1 2 4
2 1 1 2 4 32
2 40 1 4 2 16 40
GROUP 160 226
2 0
2 1 1
2 2 1 2
5 0 1 2 4
2 0 1 2 4 32
2 40 1 2 4 16 40
GROUP 160 227
2 0
2 1 1
2 2 1 2
5 0 1 2 4
2 0 1 2 4 32
2 44 1 2 4 16 40
GROUP 160 228
2 0
2 1 1
2 2 1 2
5 0 1 2 4
2 0 1 2 4 32
2 40 1 2 5 16 40
GROUP 160 229
2 0
2 1 1
2 2 1 2
5 0 1 2 4
2 0 1 2 4 32
2 44 1 2 5 16 41
GROUP 160 230
2 0
2 1 1
2 2 1 2
5 0 1 2 4
2 0 1 2 4 32
2 40 1 3 6 16 40
GROUP 160 231
2 0
2 1 1
2 2 1 2
5 0 1 2 4
2 0 1 2 4 32
2 42 1 3 6 16 41
GROUP 160 232
2 0
2 1 1
2 2 1 2
5 0 1 2 4
2 0 1 2 4 32
2 40 1 3 7 16 40
GROUP 160 233
2 0
2 1 1
2 2 1 2
5 0 1 2 4
2 0 1 2 4 32
2 42 1 3 7 16 41
GROUP 160 234
2 0
2 1 1
2 2 1 2
5 0 1 2 4
2 4 1 2 4 32
2 40 1 2 4 16 40
GROUP 160 235
2 0
2 1 1
2 1 1 3
5 0 1 2 4
2 0 1 2 4 32
2 40 1 2 4 16 40
GROUP 160 236
2 0
2 1 1
2 1 1 3
5 0 1 2 4
2 0 1 2 4 32
2 42 1 2 6 16 40
GROUP 160 237
2 0
2 1 1
2 1 1 3
5 0 1 2 4
2 1 1 2 4 32
2 40 1 2 4 16 40
GROUP 160 238
2 0
2 1 1
2 1 1 3
5 0 1 2 4
2 1 1 2 4 32
2 42 1 2 6 16 40
