GROUP 168 1
2 0
2 0 1
2 0 1 2
3 0 1 2 4
7 0 1 2 4 8
GROUP 168 2
2 0
2 0 1
2 0 1 2
3 0 1 2 4
7 0 2 4 3 8
GROUP 168 3
2 0
2 0 1
2 0 1 2
3 0 1 4 6
7 0 1 2 4 8
GROUP 168 4
2 0
2 0 1
2 1 1 2
3 0 1 2 4
7 0 1 2 4 8
GROUP 168 5
2 0
2 0 1
2 0 1 3
3 0 1 2 4
7 0 1 2 4 8
GROUP 168 6
2 0
2 1 1
2 2 1 2
3 0 1 2 4
7 0 1 2 4 8
GROUP 168 7
2 0
2 1 1
2 1 1 3
3 0 1 2 4
7 0 1 2 4 8
GROUP 168 8
2 0
2 1 1
2 1 1 3
3 0 1 4 6
7 0 1 2 4 8
GROUP 168 9
2 0
2 0 1
3 0 1 2
2 0 1 2 8
7 0 1 2 4 12
GROUP 168 10
2 0
2 0 1
3 0 1 2
2 1 1 2 8
7 0 1 2 4 12
GROUP 168 11
2 0
2 0 1
3 0 1 2
2 0 1 3 8
7 0 1 2 4 12
GROUP 168 12
2 0
2 0 1
3 0 2 3
2 0 1 3 8
7 0 1 2 4 12
GROUP 168 13
2 0
2 1 1
3 0 1 2
2 0 1 2 8
7 0 1 2 4 12
GROUP 168 14
2 0
2 1 1
3 0 1 2
2 2 1 2 8
7 0 1 2 4 12
GROUP 168 15
2 0
2 1 1
3 0 1 2
2 0 1 3 8
7 0 1 2 4 12
GROUP 168 16
2 0
2 1 1
3 0 1 2
2 1 1 3 8
7 0 1 2 4 12
GROUP 168 17
2 0
2 0 1
2 0 1 2
7 0 1 2 4
3 0 1 2 4 16
GROUP 168 18
2 0
2 0 1
2 0 1 2
7 0 1 2 4
3 0 1 4 6 16
GROUP 168 19
2 0
2 0 1
2 0 1 2
7 0 2 4 3
3 0 1 4 6 16
GROUP 168 20
2 0
2 0 1
2 1 1 2
7 0 1 2 4
3 0 1 2 4 16
GROUP 168 21
2 0
2 0 1
2 0 1 3
7 0 1 2 4
3 0 1 2 4 16
GROUP 168 22
2 0
2 1 1
2 2 1 2
7 0 1 2 4
3 0 1 2 4 16
GROUP 168 23
2 0
2 1 1
2 1 1 3
7 0 1 2 4
3 0 1 2 4 16
GROUP 168 24
2 0
2 1 1
2 1 1 3
7 0 1 2 4
3 0 1 4 6 16
GROUP 168 25
2 0
2 0 1
7 0 1 2
2 0 1 2 24
3 0 1 2 4 28
GROUP 168 26
2 0
2 0 1
7 0 1 2
2 0 1 2 24
3 0 1 2 8 28
GROUP 168 27
2 0
2 0 1
7 0 1 2
2 0 1 2 24
3 0 2 3 4 28
GROUP 168 28
2 0
2 0 1
7 0 1 2
2 0 1 2 24
3 0 2 3 8 28
GROUP 168 29
2 0
2 0 1
7 0 1 2
2 1 1 2 24
3 0 1 2 4 28
GROUP 168 30
2 0
2 0 1
7 0 1 2
2 1 1 2 24
3 0 1 2 8 28
GROUP 168 31
2 0
2 0 1
7 0 1 2
2 0 1 3 24
3 0 1 2 4 28
GROUP 168 32
2 0
2 0 1
7 0 1 2
2 0 1 3 24
3 0 1 2 8 28
GROUP 168 33
2 0
2 1 1
7 0 1 2
2 0 1 2 24
3 0 1 2 4 28
GROUP 168 34
2 0
2 1 1
7 0 1 2
2 0 1 2 24
3 0 1 2 8 28
GROUP 168 35
2 0
2 1 1
7 0 1 2
2 2 1 2 24
3 0 1 2 4 28
GROUP 168 36
2 0
2 1 1
7 0 1 2
2 2 1 2 24
3 0 1 2 8 28
GROUP 168 37
2 0
2 1 1
7 0 1 2
2 0 1 3 24
3 0 1 2 4 28
GROUP 168 38
2 0
2 1 1
7 0 1 2
2 0 1 3 24
3 0 1 2 8 28
GROUP 168 39
2 0
2 1 1
7 0 1 2
2 1 1 3 24
3 0 1 2 4 28
GROUP 168 40
2 0
2 1 1
7 0 1 2
2 1 1 3 24
3 0 1 2 8 28
GROUP 168 41
2 0
2 0 1
3 0 1 2
7 0 1 2 4
2 0 1 2 8 72
GROUP 168 42
2 0
2 0 1
3 0 1 2
7 0 1 2 4
2 1 1 2 8 72
GROUP 168 43
2 0
2 0 1
3 0 1 2
7 0 1 2 4
2 0 1 3 8 72
GROUP 168 44
2 0
2 0 1
3 0 2 3
7 0 1 2 4
2 0 1 3 8 72
GROUP 168 45
2 0
2 1 1
3 0 1 2
7 0 1 2 4
2 0 1 2 8 72
GROUP 168 46
2 0
2 1 1
3 0 1 2
7 0 1 2 4
2 2 1 2 8 72
GROUP 168 47
2 0
2 1 1
3 0 1 2
7 0 1 2 4
2 0 1 3 8 72
GROUP 168 48
2 0
2 1 1
3 0 1 2
7 0 1 2 4
2 1 1 3 8 72
GROUP 168 49
2 0
3 0 1
2 0 1 4
7 0 1 2 6
2 0 1 2 6 72
GROUP 168 50
2 0
3 0 1
2 0 1 4
7 0 1 2 6
2 1 1 2 6 72
GROUP 168 51
2 0
3 0 1
2 0 1 4
7 0 1 2 6
2 0 1 2 7 72
GROUP 168 52
2 0
3 0 1
2 0 1 4
7 0 1 2 6
2 1 1 2 7 72
GROUP 168 53
2 0
3 0 1
2 1 1 4
7 0 1 2 6
2 0 1 2 6 72
GROUP 168 54
2 0
3 0 1
2 1 1 4
7 0 1 2 6
2 1 1 2 6 72
GROUP 168 55
2 0
3 0 1
2 1 1 4
7 0 1 2 6
2 0 1 2 7 72
GROUP 168 56
2 0
3 0 1
2 1 1 4
7 0 1 2 6
2 1 1 2 7 72
