GROUP 176 1
2 0
2 0 1
2 0 1 2
2 0 1 2 4
11 0 1 2 4 8
GROUP 176 2
2 0
2 0 1
2 0 1 2
2 1 1 2 4
11 0 1 2 4 8
GROUP 176 3
2 0
2 0 1
2 0 1 2
2 0 1 2 5
11 0 1 2 4 8
GROUP 176 4
2 0
2 0 1
2 0 1 2
2 2 1 2 5
11 0 1 2 4 8
GROUP 176 5
2 0
2 0 1
2 1 1 2
2 2 1 2 4
11 0 1 2 4 8
GROUP 176 6
2 0
2 0 1
2 1 1 2
2 4 1 2 4
11 0 1 2 4 8
GROUP 176 7
2 0
2 0 1
2 1 1 2
2 1 1 2 5
11 0 1 2 4 8
GROUP 176 8
2 0
2 0 1
2 1 1 2
2 2 1 2 5
11 0 1 2 4 8
GROUP 176 9
2 0
2 0 1
2 1 1 2
2 0 1 3 4
11 0 1 2 4 8
GROUP 176 10
2 0
2 0 1
2 1 1 2
2 4 1 3 4
11 0 1 2 4 8
GROUP 176 11
2 0
2 0 1
2 0 1 3
2 0 1 4 2
11 0 1 2 4 8
GROUP 176 12
2 0
2 0 1
2 0 1 3
2 1 1 4 2
11 0 1 2 4 8
GROUP 176 13
2 0
2 1 1
2 2 1 2
2 4 1 2 4
11 0 1 2 4 8
GROUP 176 14
2 0
2 1 1
2 2 1 2
2 1 1 3 7
11 0 1 2 4 8
GROUP 176 15
2 0
2 0 1
2 0 1 2
11 0 1 2 4
2 0 1 2 4 80
GROUP 176 16
2 0
2 0 1
2 0 1 2
11 0 1 2 4
2 1 1 2 4 80
GROUP 176 17
2 0
2 0 1
2 0 1 2
11 0 1 2 4
2 0 1 2 5 80
GROUP 176 18
2 0
2 0 1
2 0 1 2
11 0 1 2 4
2 2 1 2 5 80
GROUP 176 19
2 0
2 0 1
2 1 1 2
11 0 1 2 4
2 0 1 2 4 80
GROUP 176 20
2 0
2 0 1
2 1 1 2
11 0 1 2 4
2 2 1 2 4 80
GROUP 176 21
2 0
2 0 1
2 1 1 2
11 0 1 2 4
2 4 1 2 4 80
GROUP 176 22
2 0
2 0 1
2 1 1 2
11 0 1 2 4
2 0 1 2 5 80
GROUP 176 23
2 0
2 0 1
2 1 1 2
11 0 1 2 4
2 1 1 2 5 80
GROUP 176 24
2 0
2 0 1
2 1 1 2
11 0 1 2 4
2 2 1 2 5 80
GROUP 176 25
2 0
2 0 1
2 1 1 2
11 0 1 2 4
2 0 1 2 6 80
GROUP 176 26
2 0
2 0 1
2 1 1 2
11 0 1 2 4
2 1 1 2 6 80
GROUP 176 27
2 0
2 0 1
2 1 1 2
11 0 1 2 4
2 0 1 3 4 80
GROUP 176 28
2 0
2 0 1
2 1 1 2
11 0 1 2 4
2 4 1 3 4 80
GROUP 176 29
2 0
2 0 1
2 0 1 3
11 0 1 2 4
2 0 1 2 4 80
GROUP 176 30
2 0
2 0 1
2 0 1 3
11 0 1 2 4
2 1 1 2 4 80
GROUP 176 31
2 0
2 0 1
2 0 1 3
11 0 1 2 4
2 0 1 4 2 80
GROUP 176 32
2 0
2 0 1
2 0 1 3
11 0 1 2 4
2 1 1 4 2 80
GROUP 176 33
2 0
2 1 1
2 2 1 2
11 0 1 2 4
2 0 1 2 4 80
GROUP 176 34
2 0
2 1 1
2 2 1 2
11 0 1 2 4
2 4 1 2 4 80
GROUP 176 35
2 0
2 1 1
2 2 1 2
11 0 1 2 4
2 0 1 2 5 80
GROUP 176 36
2 0
2 1 1
2 2 1 2
11 0 1 2 4
2 0 1 3 6 80
GROUP 176 37
2 0
2 1 1
2 2 1 2
11 0 1 2 4
2 0 1 3 7 80
GROUP 176 38
2 0
2 1 1
2 2 1 2
11 0 1 2 4
2 1 1 3 7 80
GROUP 176 39
2 0
2 1 1
2 1 1 3
11 0 1 2 4
2 0 1 2 4 80
GROUP 176 40
2 0
2 1 1
2 1 1 3
11 0 1 2 4
2 1 1 2 4 80
GROUP 176 41
2 0
2 1 1
2 1 1 3
11 0 1 2 4
2 2 1 2 6 80
GROUP 176 42
2 0
2 1 1
2 1 1 3
11 0 1 2 4
2 3 1 2 6 80
