GROUP 184 1
2 0
2 0 1
2 0 1 2
23 0 1 2 4
GROUP 184 2
2 0
2 0 1
2 1 1 2
23 0 1 2 4
GROUP 184 3
2 0
2 0 1
2 0 1 3
23 0 1 2 4
GROUP 184 4
2 0
2 1 1
2 2 1 2
23 0 1 2 4
GROUP 184 5
2 0
2 1 1
2 1 1 3
23 0 1 2 4
GROUP 184 6
2 0
2 0 1
23 0 1 2
2 0 1 2 88
GROUP 184 7
2 0
2 0 1
23 0 1 2
2 1 1 2 88
GROUP 184 8
2 0
2 0 1
23 0 1 2
2 0 1 3 88
GROUP 184 9
2 0
2 1 1
23 0 1 2
2 0 1 2 88
GROUP 184 10
2 0
2 1 1
23 0 1 2
2 2 1 2 88
GROUP 184 11
2 0
2 1 1
23 0 1 2
2 0 1 3 88
GROUP 184 12
2 0
2 1 1
23 0 1 2
2 1 1 3 88
