GROUP 180 1
2 0
2 0 1
3 0 1 2
3 0 1 2 4
5 0 1 2 4 12
GROUP 180 2
2 0
2 0 1
3 0 1 2
3 4 1 2 4
5 0 1 2 4 12
GROUP 180 3
2 0
2 0 1
3 0 1 2
3 0 2 3 4
5 0 1 2 4 12
GROUP 180 4
2 0
2 0 1
3 0 1 2
3 4 2 3 4
5 0 1 2 4 12
GROUP 180 5
2 0
2 1 1
3 0 1 2
3 0 1 2 4
5 0 1 2 4 12
GROUP 180 6
2 0
2 1 1
3 0 1 2
3 4 1 2 4
5 0 1 2 4 12
GROUP 180 7
2 0
3 0 1
2 0 1 4
3 0 1 2 6
5 0 1 2 6 12
GROUP 180 8
2 0
3 0 1
2 1 1 4
3 0 1 2 6
5 0 1 2 6 12
GROUP 180 9
2 0
3 0 1
3 0 1 2
2 0 1 4 12
5 0 1 2 6 18
GROUP 180 10
2 0
3 0 1
3 0 1 2
2 1 1 4 12
5 0 1 2 6 18
GROUP 180 11
2 0
3 0 1
3 2 1 2
2 0 1 4 16
5 0 1 2 6 18
GROUP 180 12
2 0
3 0 1
3 2 1 2
2 1 1 4 16
5 0 1 2 6 18
GROUP 180 13
3 0
2 0 2
3 0 1 3
2 0 1 3 12
5 0 1 3 6 18
GROUP 180 14
3 0
3 0 1
2 0 2 6
2 9 3 2 9
5 0 1 3 9 18
GROUP 180 15
2 0
5 0 1
2 0 1 8
3 0 1 2 10
3 0 1 2 10 20
GROUP 180 16
2 0
5 0 1
2 0 1 8
3 0 1 2 10
3 20 1 2 10 20
GROUP 180 17
2 0
5 0 1
2 1 1 8
3 0 1 2 10
3 0 1 2 10 20
GROUP 180 18
2 0
5 0 1
2 1 1 8
3 0 1 2 10
3 20 1 2 10 20
GROUP 180 19
5 0
2 0 4
2 5 2 5
3 0 1 5 10
3 0 1 5 10 20
GROUP 180 20
5 0
2 0 4
2 5 2 5
3 0 1 5 10
3 20 1 5 10 20
GROUP 180 21
2 0
3 0 1
5 0 1 2
2 0 1 4 24
3 0 1 2 6 30
GROUP 180 22
2 0
3 0 1
5 0 1 2
2 1 1 4 24
3 0 1 2 6 30
GROUP 180 23
3 0
2 0 2
5 0 1 3
2 0 1 3 24
3 0 1 3 6 30
GROUP 180 24
5 0
2 0 4
3 0 1 5
2 5 2 5 20
3 0 1 5 10 30
GROUP 180 25
2 0
3 0 1
3 0 1 2
5 0 1 2 6
2 0 1 4 12 72
GROUP 180 26
2 0
3 0 1
3 0 1 2
5 0 1 2 6
2 1 1 4 12 72
GROUP 180 27
2 0
3 0 1
3 2 1 2
5 0 1 2 6
2 0 1 4 16 72
GROUP 180 28
2 0
3 0 1
3 2 1 2
5 0 1 2 6
2 1 1 4 16 72
GROUP 180 29
3 0
2 0 2
3 0 1 3
5 0 1 3 6
2 0 1 3 12 72
GROUP 180 30
3 0
3 0 1
2 0 2 6
5 0 1 3 9
2 0 1 3 9 72
GROUP 180 31
3 0
3 0 1
2 0 2 6
5 0 1 3 9
2 0 1 6 9 72
GROUP 180 32
3 0
3 0 1
2 0 2 6
5 0 1 3 9
2 9 3 2 9 72
GROUP 180 33
3 0
3 1 1
2 0 2 8
5 0 1 3 9
2 0 1 3 9 72
GROUP 180 34
5 0
2 0 4
3 0 1 5
3 0 1 5 10
2 5 2 5 20 60
GROUP 180 35
5 0
2 0 4
3 0 1 5
3 10 1 5 10
2 5 2 5 20 80
GROUP 180 36
3 0
3 0 1
5 0 1 3
2 0 2 6 36
2 45 3 2 18 45
