GROUP 189 1
3 0
3 0 1
3 0 1 3
7 0 1 3 9
GROUP 189 2
3 0
3 0 1
3 1 1 3
7 0 1 3 9
GROUP 189 3
3 0
3 0 1
3 0 1 4
7 0 1 3 9
GROUP 189 4
3 0
3 0 1
3 1 1 4
7 0 1 3 9
GROUP 189 5
3 0
3 1 1
3 3 1 3
7 0 1 3 9
GROUP 189 6
3 0
3 0 1
7 0 1 3
3 0 1 3 18
GROUP 189 7
3 0
3 0 1
7 0 1 3
3 1 1 3 18
GROUP 189 8
3 0
3 0 1
7 0 1 3
3 0 1 4 18
GROUP 189 9
3 0
3 0 1
7 0 1 3
3 1 1 4 18
GROUP 189 10
3 0
3 1 1
7 0 1 3
3 0 1 3 18
GROUP 189 11
3 0
3 1 1
7 0 1 3
3 3 1 3 18
GROUP 189 12
3 0
3 1 1
7 0 1 3
3 0 1 4 18
GROUP 189 13
3 0
3 1 1
7 0 1 3
3 0 1 4 36
