GROUP 204 1
2 0
2 0 1
3 0 1 2
17 0 1 2 4
GROUP 204 2
2 0
2 0 1
3 0 2 3
17 0 1 2 4
GROUP 204 3
2 0
2 1 1
3 0 1 2
17 0 1 2 4
GROUP 204 4
2 0
3 0 1
2 0 1 4
17 0 1 2 6
GROUP 204 5
2 0
3 0 1
2 1 1 4
17 0 1 2 6
GROUP 204 6
2 0
17 0 1
2 0 1 32
3 0 1 2 34
GROUP 204 7
2 0
17 0 1
2 1 1 32
3 0 1 2 34
GROUP 204 8
17 0
2 0 16
2 17 4 17
3 0 1 17 34
GROUP 204 9
2 0
3 0 1
17 0 1 2
2 0 1 4 96
GROUP 204 10
2 0
3 0 1
17 0 1 2
2 1 1 4 96
GROUP 204 11
3 0
2 0 2
17 0 1 3
2 0 1 3 96
GROUP 204 12
17 0
2 0 16
3 0 1 17
2 17 4 17 68
