GROUP 208 1
2 0
2 0 1
2 0 1 2
2 0 1 2 4
13 0 1 2 4 8
GROUP 208 2
2 0
2 0 1
2 0 1 2
2 1 1 2 4
13 0 1 2 4 8
GROUP 208 3
2 0
2 0 1
2 0 1 2
2 0 1 2 5
13 0 1 2 4 8
GROUP 208 4
2 0
2 0 1
2 0 1 2
2 2 1 2 5
13 0 1 2 4 8
GROUP 208 5
2 0
2 0 1
2 1 1 2
2 2 1 2 4
13 0 1 2 4 8
GROUP 208 6
2 0
2 0 1
2 1 1 2
2 4 1 2 4
13 0 1 2 4 8
GROUP 208 7
2 0
2 0 1
2 1 1 2
2 1 1 2 5
13 0 1 2 4 8
GROUP 208 8
2 0
2 0 1
2 1 1 2
2 2 1 2 5
13 0 1 2 4 8
GROUP 208 9
2 0
2 0 1
2 1 1 2
2 0 1 3 4
13 0 1 2 4 8
GROUP 208 10
2 0
2 0 1
2 1 1 2
2 4 1 3 4
13 0 1 2 4 8
GROUP 208 11
2 0
2 0 1
2 0 1 3
2 0 1 4 2
13 0 1 2 4 8
GROUP 208 12
2 0
2 0 1
2 0 1 3
2 1 1 4 2
13 0 1 2 4 8
GROUP 208 13
2 0
2 1 1
2 2 1 2
2 4 1 2 4
13 0 1 2 4 8
GROUP 208 14
2 0
2 1 1
2 2 1 2
2 1 1 3 7
13 0 1 2 4 8
GROUP 208 15
2 0
2 0 1
2 0 1 2
13 0 1 2 4
2 0 1 2 4 96
GROUP 208 16
2 0
2 0 1
2 0 1 2
13 0 1 2 4
2 1 1 2 4 96
GROUP 208 17
2 0
2 0 1
2 0 1 2
13 0 1 2 4
2 0 1 2 5 96
GROUP 208 18
2 0
2 0 1
2 0 1 2
13 0 1 2 4
2 2 1 2 5 96
GROUP 208 19
2 0
2 0 1
2 1 1 2
13 0 1 2 4
2 0 1 2 4 96
GROUP 208 20
2 0
2 0 1
2 1 1 2
13 0 1 2 4
2 2 1 2 4 96
GROUP 208 21
2 0
2 0 1
2 1 1 2
13 0 1 2 4
2 4 1 2 4 96
GROUP 208 22
2 0
2 0 1
2 1 1 2
13 0 1 2 4
2 0 1 2 5 96
GROUP 208 23
2 0
2 0 1
2 1 1 2
13 0 1 2 4
2 1 1 2 5 96
GROUP 208 24
2 0
2 0 1
2 1 1 2
13 0 1 2 4
2 2 1 2 5 96
GROUP 208 25
2 0
2 0 1
2 1 1 2
13 0 1 2 4
2 0 1 2 6 96
GROUP 208 26
2 0
2 0 1
2 1 1 2
13 0 1 2 4
2 1 1 2 6 96
GROUP 208 27
2 0
2 0 1
2 1 1 2
13 0 1 2 4
2 0 1 3 4 96
GROUP 208 28
2 0
2 0 1
2 1 1 2
13 0 1 2 4
2 4 1 3 4 96
GROUP 208 29
2 0
2 0 1
2 0 1 3
13 0 1 2 4
2 0 1 2 4 96
GROUP 208 30
2 0
2 0 1
2 0 1 3
13 0 1 2 4
2 1 1 2 4 96
GROUP 208 31
2 0
2 0 1
2 0 1 3
13 0 1 2 4
2 0 1 4 2 96
GROUP 208 32
2 0
2 0 1
2 0 1 3
13 0 1 2 4
2 1 1 4 2 96
GROUP 208 33
2 0
2 1 1
2 2 1 2
13 0 1 2 4
2 0 1 2 4 96
GROUP 208 34
2 0
2 1 1
2 2 1 2
13 0 1 2 4
2 4 1 2 4 96
GROUP 208 35
2 0
2 1 1
2 2 1 2
13 0 1 2 4
2 0 1 2 5 96
GROUP 208 36
2 0
2 1 1
2 2 1 2
13 0 1 2 4
2 0 1 3 6 96
GROUP 208 37
2 0
2 1 1
2 2 1 2
13 0 1 2 4
2 0 1 3 7 96
GROUP 208 38
2 0
2 1 1
2 2 1 2
13 0 1 2 4
2 1 1 3 7 96
GROUP 208 39
2 0
2 1 1
2 1 1 3
13 0 1 2 4
2 0 1 2 4 96
GROUP 208 40
2 0
2 1 1
2 1 1 3
13 0 1 2 4
2 1 1 2 4 96
GROUP 208 41
2 0
2 1 1
2 1 1 3
13 0 1 2 4
2 2 1 2 6 96
GROUP 208 42
2 0
2 1 1
2 1 1 3
13 0 1 2 4
2 3 1 2 6 96
GROUP 208 43
2 0
2 0 1
13 0 1 2
2 0 1 2 48
2 52 1 2 20 52
GROUP 208 44
2 0
2 0 1
13 0 1 2
2 0 1 2 48
2 52 1 3 20 52
GROUP 208 45
2 0
2 0 1
13 0 1 2
2 1 1 2 48
2 52 1 2 20 52
GROUP 208 46
2 0
2 0 1
13 0 1 2
2 1 1 2 48
2 52 1 3 20 52
GROUP 208 47
2 0
2 1 1
13 0 1 2
2 0 1 2 48
2 52 1 2 20 52
GROUP 208 48
2 0
2 1 1
13 0 1 2
2 0 1 2 48
2 54 1 2 20 52
GROUP 208 49
2 0
2 1 1
13 0 1 2
2 0 1 2 48
2 52 1 3 20 52
GROUP 208 50
2 0
2 1 1
13 0 1 2
2 0 1 2 48
2 54 1 3 20 53
GROUP 208 51
2 0
2 1 1
13 0 1 2
2 2 1 2 48
2 52 1 2 20 52
