GROUP 200 1
2 0
2 0 1
2 0 1 2
5 0 1 2 4
5 0 1 2 4 8
GROUP 200 2
2 0
2 0 1
2 0 1 2
5 0 1 2 4
5 8 1 2 4 8
GROUP 200 3
2 0
2 0 1
2 1 1 2
5 0 1 2 4
5 0 1 2 4 8
GROUP 200 4
2 0
2 0 1
2 1 1 2
5 0 1 2 4
5 8 1 2 4 8
GROUP 200 5
2 0
2 0 1
2 0 1 3
5 0 1 2 4
5 0 1 2 4 8
GROUP 200 6
2 0
2 0 1
2 0 1 3
5 0 1 2 4
5 8 1 2 4 8
GROUP 200 7
2 0
2 1 1
2 2 1 2
5 0 1 2 4
5 0 1 2 4 8
GROUP 200 8
2 0
2 1 1
2 2 1 2
5 0 1 2 4
5 8 1 2 4 8
GROUP 200 9
2 0
2 1 1
2 1 1 3
5 0 1 2 4
5 0 1 2 4 8
GROUP 200 10
2 0
2 1 1
2 1 1 3
5 0 1 2 4
5 8 1 2 4 8
GROUP 200 11
2 0
2 0 1
5 0 1 2
2 0 1 2 16
5 0 1 2 4 20
GROUP 200 12
2 0
2 0 1
5 0 1 2
2 1 1 2 16
5 0 1 2 4 20
GROUP 200 13
2 0
2 0 1
5 0 1 2
2 0 1 3 16
5 0 1 2 4 20
GROUP 200 14
2 0
2 1 1
5 0 1 2
2 0 1 2 16
5 0 1 2 4 20
GROUP 200 15
2 0
2 1 1
5 0 1 2
2 2 1 2 16
5 0 1 2 4 20
GROUP 200 16
2 0
2 1 1
5 0 1 2
2 0 1 3 16
5 0 1 2 4 20
GROUP 200 17
2 0
2 1 1
5 0 1 2
2 1 1 3 16
5 0 1 2 4 20
GROUP 200 18
2 0
5 0 1
2 0 1 8
2 10 1 4 10
5 0 1 2 10 20
GROUP 200 19
2 0
5 0 1
2 1 1 8
2 10 1 4 10
5 0 1 2 10 20
GROUP 200 20
2 0
2 0 1
5 0 1 2
5 0 1 2 4
2 0 1 2 16 80
GROUP 200 21
2 0
2 0 1
5 0 1 2
5 0 1 2 4
2 1 1 2 16 80
GROUP 200 22
2 0
2 0 1
5 0 1 2
5 0 1 2 4
2 0 1 3 16 80
GROUP 200 23
2 0
2 0 1
5 0 1 2
5 4 1 2 4
2 0 1 2 16 96
GROUP 200 24
2 0
2 0 1
5 0 1 2
5 4 1 2 4
2 1 1 2 16 96
GROUP 200 25
2 0
2 0 1
5 0 1 2
5 4 1 2 4
2 0 1 3 16 96
GROUP 200 26
2 0
2 1 1
5 0 1 2
5 0 1 2 4
2 0 1 2 16 80
GROUP 200 27
2 0
2 1 1
5 0 1 2
5 0 1 2 4
2 2 1 2 16 80
GROUP 200 28
2 0
2 1 1
5 0 1 2
5 0 1 2 4
2 0 1 3 16 80
GROUP 200 29
2 0
2 1 1
5 0 1 2
5 0 1 2 4
2 1 1 3 16 80
GROUP 200 30
2 0
2 1 1
5 0 1 2
5 4 1 2 4
2 0 1 2 16 96
GROUP 200 31
2 0
2 1 1
5 0 1 2
5 4 1 2 4
2 2 1 2 16 96
GROUP 200 32
2 0
2 1 1
5 0 1 2
5 4 1 2 4
2 0 1 3 16 96
GROUP 200 33
2 0
2 1 1
5 0 1 2
5 4 1 2 4
2 1 1 3 16 96
GROUP 200 34
2 0
5 0 1
2 0 1 8
5 0 1 2 10
2 0 1 2 10 80
GROUP 200 35
2 0
5 0 1
2 0 1 8
5 0 1 2 10
2 1 1 2 10 80
GROUP 200 36
2 0
5 0 1
2 0 1 8
5 0 1 2 10
2 0 1 2 11 80
GROUP 200 37
2 0
5 0 1
2 0 1 8
5 0 1 2 10
2 1 1 2 11 80
GROUP 200 38
2 0
5 0 1
2 0 1 8
5 0 1 2 10
2 10 1 4 10 80
GROUP 200 39
2 0
5 0 1
2 1 1 8
5 0 1 2 10
2 1 1 2 10 80
GROUP 200 40
2 0
5 0 1
2 1 1 8
5 0 1 2 10
2 1 1 2 11 80
GROUP 200 41
2 0
5 0 1
2 1 1 8
5 0 1 2 10
2 10 1 4 10 80
GROUP 200 42
5 0
2 0 4
2 5 2 5
5 0 1 5 10
2 0 1 5 10 80
GROUP 200 43
2 0
5 0 1
5 0 1 2
2 0 1 8 40
2 50 1 4 20 50
GROUP 200 44
2 0
5 0 1
5 0 1 2
2 0 1 8 40
2 50 1 4 30 50
GROUP 200 45
2 0
5 0 1
5 0 1 2
2 1 1 8 40
2 50 1 4 20 50
GROUP 200 46
2 0
5 0 1
5 0 1 2
2 1 1 8 40
2 50 1 4 30 50
GROUP 200 47
2 0
5 0 1
5 2 1 2
2 0 1 8 48
2 50 1 4 22 50
GROUP 200 48
2 0
5 0 1
5 2 1 2
2 1 1 8 48
2 50 1 4 22 50
GROUP 200 49
5 0
2 0 4
5 0 1 5
2 0 1 5 40
2 55 2 5 20 50
GROUP 200 50
5 0
2 0 4
5 0 1 5
2 0 1 5 40
2 0 10 50 1 5
GROUP 200 51
5 0
5 0 1
2 0 4 20
2 25 2 10 25
2 50 5 2 25 50
GROUP 200 52
5 0
5 0 1
2 0 4 20
2 25 2 15 25
2 25 5 4 25 75
