GROUP 216 1
2 0
2 0 1
2 0 1 2
3 0 1 2 4
3 0 1 2 4 8
3 0 1 2 4 8 24
GROUP 216 2
2 0
2 0 1
2 0 1 2
3 0 1 2 4
3 0 1 2 4 8
3 8 1 2 4 8 24
GROUP 216 3
2 0
2 0 1
2 0 1 2
3 0 1 2 4
3 0 1 2 4 8
3 0 1 2 4 8 32
GROUP 216 4
2 0
2 0 1
2 0 1 2
3 0 1 2 4
3 0 1 2 4 8
3 8 1 2 4 8 32
GROUP 216 5
2 0
2 0 1
2 0 1 2
3 0 1 2 4
3 0 1 2 4 8
3 0 1 4 6 8 24
GROUP 216 6
2 0
2 0 1
2 0 1 2
3 0 1 2 4
3 0 1 2 4 8
3 8 1 4 6 8 24
GROUP 216 7
2 0
2 0 1
2 0 1 2
3 0 1 2 4
3 0 1 2 4 8
3 0 1 4 6 8 32
GROUP 216 8
2 0
2 0 1
2 0 1 2
3 0 1 2 4
3 0 1 2 4 8
3 8 1 4 6 8 32
GROUP 216 9
2 0
2 0 1
2 0 1 2
3 0 1 2 4
3 8 1 2 4 8
3 24 1 2 4 8 24
GROUP 216 10
2 0
2 0 1
2 0 1 2
3 0 1 2 4
3 8 1 2 4 8
3 0 1 4 6 8 24
GROUP 216 11
2 0
2 0 1
2 0 1 2
3 0 1 2 4
3 8 1 2 4 8
3 24 1 4 6 8 24
GROUP 216 12
2 0
2 0 1
2 0 1 2
3 0 1 2 4
3 8 1 2 4 8
3 0 1 4 6 8 32
GROUP 216 13
2 0
2 0 1
2 1 1 2
3 0 1 2 4
3 0 1 2 4 8
3 0 1 2 4 8 24
GROUP 216 14
2 0
2 0 1
2 1 1 2
3 0 1 2 4
3 0 1 2 4 8
3 8 1 2 4 8 24
GROUP 216 15
2 0
2 0 1
2 1 1 2
3 0 1 2 4
3 0 1 2 4 8
3 0 1 2 4 8 32
GROUP 216 16
2 0
2 0 1
2 1 1 2
3 0 1 2 4
3 0 1 2 4 8
3 8 1 2 4 8 32
GROUP 216 17
2 0
2 0 1
2 1 1 2
3 0 1 2 4
3 8 1 2 4 8
3 24 1 2 4 8 24
GROUP 216 18
2 0
2 0 1
2 0 1 3
3 0 1 2 4
3 0 1 2 4 8
3 0 1 2 4 8 24
GROUP 216 19
2 0
2 0 1
2 0 1 3
3 0 1 2 4
3 0 1 2 4 8
3 8 1 2 4 8 24
GROUP 216 20
2 0
2 0 1
2 0 1 3
3 0 1 2 4
3 0 1 2 4 8
3 0 1 2 4 8 32
GROUP 216 21
2 0
2 0 1
2 0 1 3
3 0 1 2 4
3 0 1 2 4 8
3 8 1 2 4 8 32
GROUP 216 22
2 0
2 0 1
2 0 1 3
3 0 1 2 4
3 8 1 2 4 8
3 24 1 2 4 8 24
GROUP 216 23
2 0
2 1 1
2 2 1 2
3 0 1 2 4
3 0 1 2 4 8
3 0 1 2 4 8 24
GROUP 216 24
2 0
2 1 1
2 2 1 2
3 0 1 2 4
3 0 1 2 4 8
3 8 1 2 4 8 24
GROUP 216 25
2 0
2 1 1
2 2 1 2
3 0 1 2 4
3 0 1 2 4 8
3 0 1 2 4 8 32
GROUP 216 26
2 0
2 1 1
2 2 1 2
3 0 1 2 4
3 0 1 2 4 8
3 8 1 2 4 8 32
GROUP 216 27
2 0
2 1 1
2 2 1 2
3 0 1 2 4
3 8 1 2 4 8
3 24 1 2 4 8 24
GROUP 216 28
2 0
2 1 1
2 1 1 3
3 0 1 2 4
3 0 1 2 4 8
3 0 1 2 4 8 24
GROUP 216 29
2 0
2 1 1
2 1 1 3
3 0 1 2 4
3 0 1 2 4 8
3 8 1 2 4 8 24
GROUP 216 30
2 0
2 1 1
2 1 1 3
3 0 1 2 4
3 0 1 2 4 8
3 0 1 2 4 8 32
GROUP 216 31
2 0
2 1 1
2 1 1 3
3 0 1 2 4
3 0 1 2 4 8
3 8 1 2 4 8 32
GROUP 216 32
2 0
2 1 1
2 1 1 3
3 0 1 2 4
3 0 1 2 4 8
3 0 1 4 6 8 24
GROUP 216 33
2 0
2 1 1
2 1 1 3
3 0 1 2 4
3 0 1 2 4 8
3 8 1 4 6 8 24
GROUP 216 34
2 0
2 1 1
2 1 1 3
3 0 1 2 4
3 0 1 2 4 8
3 0 1 4 6 8 32
GROUP 216 35
2 0
2 1 1
2 1 1 3
3 0 1 2 4
3 0 1 2 4 8
3 8 1 4 6 8 32
GROUP 216 36
2 0
2 1 1
2 1 1 3
3 0 1 2 4
3 8 1 2 4 8
3 24 1 2 4 8 24
GROUP 216 37
2 0
2 1 1
2 1 1 3
3 0 1 2 4
3 8 1 2 4 8
3 0 1 4 6 8 24
GROUP 216 38
2 0
2 1 1
2 1 1 3
3 0 1 2 4
3 8 1 2 4 8
3 24 1 4 6 8 24
GROUP 216 39
2 0
2 1 1
2 1 1 3
3 0 1 2 4
3 8 1 2 4 8
3 0 1 4 6 8 32
GROUP 216 40
2 0
2 0 1
3 0 1 2
2 0 1 2 8
3 0 1 2 4 12
3 0 1 2 4 12 24
GROUP 216 41
2 0
2 0 1
3 0 1 2
2 0 1 2 8
3 0 1 2 4 12
3 24 1 2 4 12 24
GROUP 216 42
2 0
2 0 1
3 0 1 2
2 0 1 2 8
3 0 1 2 4 12
3 0 2 3 4 12 24
GROUP 216 43
2 0
2 0 1
3 0 1 2
2 0 1 2 8
3 0 1 2 4 12
3 24 2 3 4 12 24
GROUP 216 44
2 0
2 0 1
3 0 1 2
2 1 1 2 8
3 0 1 2 4 12
3 0 1 2 4 12 24
GROUP 216 45
2 0
2 0 1
3 0 1 2
2 1 1 2 8
3 0 1 2 4 12
3 24 1 2 4 12 24
GROUP 216 46
2 0
2 0 1
3 0 1 2
2 0 1 3 8
3 0 1 2 4 12
3 0 1 2 4 12 24
GROUP 216 47
2 0
2 0 1
3 0 1 2
2 0 1 3 8
3 0 1 2 4 12
3 24 1 2 4 12 24
GROUP 216 48
2 0
2 0 1
3 0 2 3
2 0 1 3 8
3 0 1 2 4 12
3 0 1 2 4 12 24
GROUP 216 49
2 0
2 0 1
3 0 2 3
2 0 1 3 8
3 0 1 2 4 12
3 24 1 2 4 12 24
GROUP 216 50
2 0
2 1 1
3 0 1 2
2 0 1 2 8
3 0 1 2 4 12
3 0 1 2 4 12 24
GROUP 216 51
2 0
2 1 1
3 0 1 2
2 0 1 2 8
3 0 1 2 4 12
3 24 1 2 4 12 24
GROUP 216 52
2 0
2 1 1
3 0 1 2
2 2 1 2 8
3 0 1 2 4 12
3 0 1 2 4 12 24
GROUP 216 53
2 0
2 1 1
3 0 1 2
2 2 1 2 8
3 0 1 2 4 12
3 24 1 2 4 12 24
GROUP 216 54
2 0
2 1 1
3 0 1 2
2 0 1 3 8
3 0 1 2 4 12
3 0 1 2 4 12 24
GROUP 216 55
2 0
2 1 1
3 0 1 2
2 0 1 3 8
3 0 1 2 4 12
3 24 1 2 4 12 24
GROUP 216 56
2 0
2 1 1
3 0 1 2
2 1 1 3 8
3 0 1 2 4 12
3 0 1 2 4 12 24
GROUP 216 57
2 0
2 1 1
3 0 1 2
2 1 1 3 8
3 0 1 2 4 12
3 24 1 2 4 12 24
GROUP 216 58
2 0
2 0 1
3 0 1 2
3 0 1 2 4
2 0 1 2 8 24
3 0 1 2 4 12 36
GROUP 216 59
2 0
2 0 1
3 0 1 2
3 0 1 2 4
2 0 1 2 8 24
3 0 1 2 4 16 36
GROUP 216 60
2 0
2 0 1
3 0 1 2
3 0 1 2 4
2 0 1 2 8 24
3 0 2 3 4 12 36
GROUP 216 61
2 0
2 0 1
3 0 1 2
3 0 1 2 4
2 0 1 2 8 24
3 0 2 3 4 16 36
GROUP 216 62
2 0
2 0 1
3 0 1 2
3 0 1 2 4
2 1 1 2 8 24
3 0 1 2 4 12 36
GROUP 216 63
2 0
2 0 1
3 0 1 2
3 0 1 2 4
2 1 1 2 8 24
3 0 1 2 4 16 36
GROUP 216 64
2 0
2 0 1
3 0 1 2
3 0 1 2 4
2 0 1 3 8 24
3 0 1 2 4 12 36
GROUP 216 65
2 0
2 0 1
3 0 1 2
3 0 1 2 4
2 0 1 3 8 24
3 0 1 2 4 16 36
GROUP 216 66
2 0
2 0 1
3 0 1 2
3 4 1 2 4
2 0 1 2 8 32
3 0 1 2 4 12 36
GROUP 216 67
2 0
2 0 1
3 0 1 2
3 4 1 2 4
2 0 1 2 8 32
3 0 1 2 4 16 36
GROUP 216 68
2 0
2 0 1
3 0 1 2
3 4 1 2 4
2 0 1 2 8 32
3 0 2 3 4 12 36
GROUP 216 69
2 0
2 0 1
3 0 1 2
3 4 1 2 4
2 0 1 2 8 32
3 0 2 3 4 16 36
GROUP 216 70
2 0
2 0 1
3 0 1 2
3 4 1 2 4
2 1 1 2 8 32
3 0 1 2 4 12 36
GROUP 216 71
2 0
2 0 1
3 0 1 2
3 4 1 2 4
2 1 1 2 8 32
3 0 1 2 4 16 36
GROUP 216 72
2 0
2 0 1
3 0 1 2
3 4 1 2 4
2 0 1 3 8 32
3 0 1 2 4 12 36
GROUP 216 73
2 0
2 0 1
3 0 1 2
3 4 1 2 4
2 0 1 3 8 32
3 0 1 2 4 16 36
GROUP 216 74
2 0
2 0 1
3 0 1 2
3 0 2 3 4
2 0 1 3 8 24
3 0 1 2 4 12 36
GROUP 216 75
2 0
2 0 1
3 0 1 2
3 0 2 3 4
2 0 1 3 8 24
3 0 1 2 4 16 36
GROUP 216 76
2 0
2 0 1
3 0 1 2
3 4 2 3 4
2 0 1 3 8 32
3 0 1 2 4 12 36
GROUP 216 77
2 0
2 0 1
3 0 1 2
3 4 2 3 4
2 0 1 3 8 32
3 0 1 2 4 16 36
GROUP 216 78
2 0
2 1 1
3 0 1 2
3 0 1 2 4
2 0 1 2 8 24
3 0 1 2 4 12 36
GROUP 216 79
2 0
2 1 1
3 0 1 2
3 0 1 2 4
2 0 1 2 8 24
3 0 1 2 4 16 36
GROUP 216 80
2 0
2 1 1
3 0 1 2
3 0 1 2 4
2 2 1 2 8 24
3 0 1 2 4 12 36
GROUP 216 81
2 0
2 1 1
3 0 1 2
3 0 1 2 4
2 2 1 2 8 24
3 0 1 2 4 16 36
GROUP 216 82
2 0
2 1 1
3 0 1 2
3 0 1 2 4
2 0 1 3 8 24
3 0 1 2 4 12 36
GROUP 216 83
2 0
2 1 1
3 0 1 2
3 0 1 2 4
2 0 1 3 8 24
3 0 1 2 4 16 36
GROUP 216 84
2 0
2 1 1
3 0 1 2
3 0 1 2 4
2 1 1 3 8 24
3 0 1 2 4 12 36
GROUP 216 85
2 0
2 1 1
3 0 1 2
3 0 1 2 4
2 1 1 3 8 24
3 0 1 2 4 16 36
GROUP 216 86
2 0
2 1 1
3 0 1 2
3 4 1 2 4
2 0 1 2 8 32
3 0 1 2 4 12 36
GROUP 216 87
2 0
2 1 1
3 0 1 2
3 4 1 2 4
2 0 1 2 8 32
3 0 1 2 4 16 36
GROUP 216 88
2 0
2 1 1
3 0 1 2
3 4 1 2 4
2 2 1 2 8 32
3 0 1 2 4 12 36
GROUP 216 89
2 0
2 1 1
3 0 1 2
3 4 1 2 4
2 2 1 2 8 32
3 0 1 2 4 16 36
GROUP 216 90
2 0
2 1 1
3 0 1 2
3 4 1 2 4
2 0 1 3 8 32
3 0 1 2 4 12 36
GROUP 216 91
2 0
2 1 1
3 0 1 2
3 4 1 2 4
2 0 1 3 8 32
3 0 1 2 4 16 36
GROUP 216 92
2 0
2 1 1
3 0 1 2
3 4 1 2 4
2 1 1 3 8 32
3 0 1 2 4 12 36
GROUP 216 93
2 0
2 1 1
3 0 1 2
3 4 1 2 4
2 1 1 3 8 32
3 0 1 2 4 16 36
GROUP 216 94
2 0
3 0 1
2 0 1 4
3 0 1 2 6
2 0 1 2 6 24
3 0 1 2 6 12 36
GROUP 216 95
2 0
3 0 1
2 0 1 4
3 0 1 2 6
2 1 1 2 6 24
3 0 1 2 6 12 36
GROUP 216 96
2 0
3 0 1
2 0 1 4
3 0 1 2 6
2 0 1 2 7 24
3 0 1 2 6 12 36
GROUP 216 97
2 0
3 0 1
2 0 1 4
3 0 1 2 6
2 1 1 2 7 24
3 0 1 2 6 12 36
GROUP 216 98
2 0
3 0 1
2 1 1 4
3 0 1 2 6
2 1 1 2 6 24
3 0 1 2 6 12 36
GROUP 216 99
2 0
3 0 1
2 1 1 4
3 0 1 2 6
2 1 1 2 7 24
3 0 1 2 6 12 36
GROUP 216 100
2 0
3 0 1
3 0 1 2
2 0 1 4 12
2 18 1 6 4 18
3 0 1 2 6 18 36
GROUP 216 101
2 0
3 0 1
3 0 1 2
2 1 1 4 12
2 18 1 6 4 18
3 0 1 2 6 18 36
GROUP 216 102
3 0
2 0 2
3 0 1 3
2 0 1 3 12
2 0 6 18 1 3
3 0 1 3 6 18 36
GROUP 216 103
3 0
3 0 1
2 0 2 6
2 9 3 2 9
2 27 4 5 9 18
3 0 1 3 9 18 36
GROUP 216 104
3 0
3 0 1
2 0 2 6
2 9 3 2 9
2 9 4 7 9 27
3 0 1 3 9 18 36
GROUP 216 105
3 0
3 0 1
2 0 2 6
2 9 3 2 9
2 9 4 7 9 27
3 0 1 4 9 36 63
GROUP 216 106
2 0
2 0 1
3 0 1 2
3 0 1 2 4
3 0 1 2 4 12
2 0 1 2 8 24 72
GROUP 216 107
2 0
2 0 1
3 0 1 2
3 0 1 2 4
3 0 1 2 4 12
2 1 1 2 8 24 72
GROUP 216 108
2 0
2 0 1
3 0 1 2
3 0 1 2 4
3 0 1 2 4 12
2 0 1 3 8 24 72
GROUP 216 109
2 0
2 0 1
3 0 1 2
3 0 1 2 4
3 4 1 2 4 12
2 0 1 2 8 24 80
GROUP 216 110
2 0
2 0 1
3 0 1 2
3 0 1 2 4
3 4 1 2 4 12
2 1 1 2 8 24 80
GROUP 216 111
2 0
2 0 1
3 0 1 2
3 0 1 2 4
3 4 1 2 4 12
2 0 1 3 8 24 80
GROUP 216 112
2 0
2 0 1
3 0 1 2
3 0 1 2 4
3 0 1 2 4 16
2 0 1 2 4 24 72
GROUP 216 113
2 0
2 0 1
3 0 1 2
3 0 1 2 4
3 0 1 2 4 16
2 1 1 2 4 24 72
GROUP 216 114
2 0
2 0 1
3 0 1 2
3 0 1 2 4
3 0 1 2 4 16
2 0 1 3 4 24 72
GROUP 216 115
2 0
2 0 1
3 0 1 2
3 0 1 2 4
3 0 2 3 4 12
2 0 1 3 8 24 72
GROUP 216 116
2 0
2 0 1
3 0 1 2
3 0 1 2 4
3 4 2 3 4 12
2 0 1 3 8 24 80
GROUP 216 117
2 0
2 0 1
3 0 1 2
3 0 1 2 4
3 0 2 3 4 16
2 0 1 3 4 24 72
GROUP 216 118
2 0
2 0 1
3 0 1 2
3 4 1 2 4
3 12 1 2 4 12
2 0 1 2 8 32 104
GROUP 216 119
2 0
2 0 1
3 0 1 2
3 4 1 2 4
3 12 1 2 4 12
2 1 1 2 8 32 104
GROUP 216 120
2 0
2 0 1
3 0 1 2
3 4 1 2 4
3 12 1 2 4 12
2 0 1 3 8 32 104
GROUP 216 121
2 0
2 0 1
3 0 1 2
3 4 1 2 4
3 0 2 3 4 12
2 0 1 3 8 32 72
GROUP 216 122
2 0
2 0 1
3 0 1 2
3 4 1 2 4
3 12 2 3 4 12
2 0 1 3 8 32 104
GROUP 216 123
2 0
2 1 1
3 0 1 2
3 0 1 2 4
3 0 1 2 4 12
2 0 1 2 8 24 72
GROUP 216 124
2 0
2 1 1
3 0 1 2
3 0 1 2 4
3 0 1 2 4 12
2 2 1 2 8 24 72
GROUP 216 125
2 0
2 1 1
3 0 1 2
3 0 1 2 4
3 0 1 2 4 12
2 0 1 3 8 24 72
GROUP 216 126
2 0
2 1 1
3 0 1 2
3 0 1 2 4
3 0 1 2 4 12
2 1 1 3 8 24 72
GROUP 216 127
2 0
2 1 1
3 0 1 2
3 0 1 2 4
3 4 1 2 4 12
2 0 1 2 8 24 80
GROUP 216 128
2 0
2 1 1
3 0 1 2
3 0 1 2 4
3 4 1 2 4 12
2 2 1 2 8 24 80
GROUP 216 129
2 0
2 1 1
3 0 1 2
3 0 1 2 4
3 4 1 2 4 12
2 0 1 3 8 24 80
GROUP 216 130
2 0
2 1 1
3 0 1 2
3 0 1 2 4
3 4 1 2 4 12
2 1 1 3 8 24 80
GROUP 216 131
2 0
2 1 1
3 0 1 2
3 0 1 2 4
3 0 1 2 4 16
2 0 1 2 4 24 72
GROUP 216 132
2 0
2 1 1
3 0 1 2
3 0 1 2 4
3 0 1 2 4 16
2 2 1 2 4 24 72
GROUP 216 133
2 0
2 1 1
3 0 1 2
3 0 1 2 4
3 0 1 2 4 16
2 0 1 3 4 24 72
GROUP 216 134
2 0
2 1 1
3 0 1 2
3 0 1 2 4
3 0 1 2 4 16
2 1 1 3 4 24 72
GROUP 216 135
2 0
2 1 1
3 0 1 2
3 4 1 2 4
3 12 1 2 4 12
2 0 1 2 8 32 104
GROUP 216 136
2 0
2 1 1
3 0 1 2
3 4 1 2 4
3 12 1 2 4 12
2 2 1 2 8 32 104
GROUP 216 137
2 0
2 1 1
3 0 1 2
3 4 1 2 4
3 12 1 2 4 12
2 0 1 3 8 32 104
GROUP 216 138
2 0
2 1 1
3 0 1 2
3 4 1 2 4
3 12 1 2 4 12
2 1 1 3 8 32 104
GROUP 216 139
2 0
3 0 1
2 0 1 4
3 0 1 2 6
3 0 1 2 6 12
2 0 1 2 6 24 72
GROUP 216 140
2 0
3 0 1
2 0 1 4
3 0 1 2 6
3 0 1 2 6 12
2 1 1 2 6 24 72
GROUP 216 141
2 0
3 0 1
2 0 1 4
3 0 1 2 6
3 0 1 2 6 12
2 0 1 2 7 24 72
GROUP 216 142
2 0
3 0 1
2 0 1 4
3 0 1 2 6
3 0 1 2 6 12
2 1 1 2 7 24 72
GROUP 216 143
2 0
3 0 1
2 0 1 4
3 0 1 2 6
3 12 1 2 6 12
2 0 1 2 6 24 96
GROUP 216 144
2 0
3 0 1
2 0 1 4
3 0 1 2 6
3 12 1 2 6 12
2 1 1 2 6 24 96
GROUP 216 145
2 0
3 0 1
2 0 1 4
3 0 1 2 6
3 12 1 2 6 12
2 0 1 2 7 24 96
GROUP 216 146
2 0
3 0 1
2 0 1 4
3 0 1 2 6
3 12 1 2 6 12
2 1 1 2 7 24 96
GROUP 216 147
2 0
3 0 1
2 1 1 4
3 0 1 2 6
3 0 1 2 6 12
2 0 1 2 6 24 72
GROUP 216 148
2 0
3 0 1
2 1 1 4
3 0 1 2 6
3 0 1 2 6 12
2 1 1 2 6 24 72
GROUP 216 149
2 0
3 0 1
2 1 1 4
3 0 1 2 6
3 0 1 2 6 12
2 0 1 2 7 24 72
GROUP 216 150
2 0
3 0 1
2 1 1 4
3 0 1 2 6
3 0 1 2 6 12
2 1 1 2 7 24 72
GROUP 216 151
2 0
3 0 1
2 1 1 4
3 0 1 2 6
3 12 1 2 6 12
2 0 1 2 6 24 96
GROUP 216 152
2 0
3 0 1
2 1 1 4
3 0 1 2 6
3 12 1 2 6 12
2 1 1 2 6 24 96
GROUP 216 153
2 0
3 0 1
2 1 1 4
3 0 1 2 6
3 12 1 2 6 12
2 0 1 2 7 24 96
GROUP 216 154
2 0
3 0 1
2 1 1 4
3 0 1 2 6
3 12 1 2 6 12
2 1 1 2 7 24 96
GROUP 216 155
2 0
3 0 1
3 0 1 2
2 0 1 4 12
3 0 1 2 6 18
2 0 1 2 12 18 72
GROUP 216 156
2 0
3 0 1
3 0 1 2
2 0 1 4 12
3 0 1 2 6 18
2 1 1 2 12 18 72
GROUP 216 157
2 0
3 0 1
3 0 1 2
2 0 1 4 12
3 0 1 2 6 18
2 0 1 2 12 19 72
GROUP 216 158
2 0
3 0 1
3 0 1 2
2 0 1 4 12
3 0 1 2 6 18
2 18 1 6 4 18 72
GROUP 216 159
2 0
3 0 1
3 0 1 2
2 0 1 4 12
3 0 1 2 8 18
2 0 1 2 12 18 72
GROUP 216 160
2 0
3 0 1
3 0 1 2
2 0 1 4 12
3 0 1 2 8 18
2 1 1 2 12 18 72
GROUP 216 161
2 0
3 0 1
3 0 1 2
2 0 1 4 12
3 0 1 2 8 18
2 0 1 2 12 19 72
GROUP 216 162
2 0
3 0 1
3 0 1 2
2 0 1 4 12
3 0 1 2 8 18
2 1 1 2 12 19 72
GROUP 216 163
2 0
3 0 1
3 0 1 2
2 1 1 4 12
3 0 1 2 6 18
2 1 1 2 12 19 72
GROUP 216 164
2 0
3 0 1
3 0 1 2
2 1 1 4 12
3 0 1 2 6 18
2 18 1 6 4 18 72
GROUP 216 165
2 0
3 0 1
3 0 1 2
2 1 1 4 12
3 0 1 2 8 18
2 0 1 2 12 18 72
GROUP 216 166
2 0
3 0 1
3 0 1 2
2 1 1 4 12
3 0 1 2 8 18
2 1 1 2 12 19 72
GROUP 216 167
3 0
2 0 2
3 0 1 3
2 0 1 3 12
3 0 1 3 6 18
2 0 1 3 6 18 72
GROUP 216 168
3 0
2 0 2
3 0 1 3
2 0 1 3 12
3 0 1 3 6 18
2 0 6 18 1 3 72
GROUP 216 169
3 0
3 0 1
2 0 2 6
2 9 3 2 9
3 0 1 3 9 18
2 0 1 3 9 18 72
GROUP 216 170
3 0
3 0 1
2 0 2 6
2 9 3 2 9
3 0 1 3 9 18
2 0 1 6 9 27 72
GROUP 216 171
3 0
3 0 1
2 0 2 6
2 9 3 2 9
3 0 1 3 9 18
2 27 4 5 9 18 72
GROUP 216 172
3 0
3 0 1
2 0 2 6
2 9 3 2 9
3 0 1 3 9 18
2 9 4 7 9 27 72
GROUP 216 173
2 0
3 0 1
3 0 1 2
3 0 1 2 8
2 0 1 2 12 36
2 54 1 2 18 12 54
GROUP 216 174
2 0
3 0 1
3 0 1 2
3 0 1 2 8
2 1 1 2 12 36
2 54 1 2 18 12 54
GROUP 216 175
3 0
3 0 1
2 0 2 6
3 0 1 4 9
2 0 1 6 9 36
2 54 1 18 63 6 54
GROUP 216 176
3 0
3 0 1
3 0 1 4
2 0 1 6 18
2 27 1 9 6 27
2 48 1 12 21 30 96
GROUP 216 177
3 0
3 0 1
3 0 1 4
2 0 1 6 18
2 27 1 9 6 27
2 96 2 12 15 45 70
