GROUP 228 1
2 0
2 0 1
3 0 1 2
19 0 1 2 4
GROUP 228 2
2 0
2 0 1
3 0 2 3
19 0 1 2 4
GROUP 228 3
2 0
2 1 1
3 0 1 2
19 0 1 2 4
GROUP 228 4
2 0
3 0 1
2 0 1 4
19 0 1 2 6
GROUP 228 5
2 0
3 0 1
2 1 1 4
19 0 1 2 6
GROUP 228 6
2 0
2 0 1
19 0 1 2
3 0 1 2 28
GROUP 228 7
2 0
2 0 1
19 0 1 2
3 0 2 3 28
GROUP 228 8
2 0
2 1 1
19 0 1 2
3 0 1 2 28
GROUP 228 9
2 0
19 0 1
2 0 1 36
3 0 1 2 38
GROUP 228 10
2 0
19 0 1
2 0 1 36
3 0 1 14 38
GROUP 228 11
2 0
19 0 1
2 1 1 36
3 0 1 2 38
GROUP 228 12
2 0
19 0 1
2 1 1 36
3 0 1 14 38
GROUP 228 13
2 0
3 0 1
19 0 1 2
2 0 1 4 108
GROUP 228 14
2 0
3 0 1
19 0 1 2
2 1 1 4 108
GROUP 228 15
3 0
2 0 2
19 0 1 3
2 0 1 3 108
