GROUP 220 1
2 0
2 0 1
5 0 1 2
11 0 1 2 4
GROUP 220 2
2 0
2 1 1
5 0 1 2
11 0 1 2 4
GROUP 220 3
2 0
5 0 1
2 0 1 8
11 0 1 2 10
GROUP 220 4
2 0
5 0 1
2 1 1 8
11 0 1 2 10
GROUP 220 5
5 0
2 0 4
2 5 2 5
11 0 1 5 10
GROUP 220 6
2 0
2 0 1
11 0 1 2
5 0 1 2 12
GROUP 220 7
2 0
2 1 1
11 0 1 2
5 0 1 2 12
GROUP 220 8
2 0
11 0 1
2 0 1 20
5 0 1 2 22
GROUP 220 9
2 0
11 0 1
2 0 1 20
5 22 1 4 22
GROUP 220 10
2 0
11 0 1
2 1 1 20
5 0 1 2 22
GROUP 220 11
2 0
11 0 1
2 1 1 20
5 22 1 4 22
GROUP 220 12
2 0
5 0 1
11 0 1 2
2 0 1 8 100
GROUP 220 13
2 0
5 0 1
11 0 1 2
2 1 1 8 100
GROUP 220 14
5 0
2 0 4
11 0 1 5
2 0 1 5 100
GROUP 220 15
5 0
2 0 4
11 0 1 5
2 5 2 5 100
