GROUP 224 1
2 0
2 0 1
2 0 1 2
2 0 1 2 4
2 0 1 2 4 8
7 0 1 2 4 8 16
GROUP 224 2
2 0
2 0 1
2 0 1 2
2 0 1 2 4
2 0 1 2 4 8
7 0 1 2 8 16 12
GROUP 224 3
2 0
2 0 1
2 0 1 2
2 0 1 2 4
2 1 1 2 4 8
7 0 1 2 4 8 16
GROUP 224 4
2 0
2 0 1
2 0 1 2
2 0 1 2 4
2 1 1 2 4 8
7 0 1 4 8 6 16
GROUP 224 5
2 0
2 0 1
2 0 1 2
2 0 1 2 4
2 0 1 2 4 9
7 0 1 2 4 8 16
GROUP 224 6
2 0
2 0 1
2 0 1 2
2 0 1 2 4
2 2 1 2 4 9
7 0 1 2 4 8 16
GROUP 224 7
2 0
2 0 1
2 0 1 2
2 0 1 2 4
2 0 1 2 5 10
7 0 1 2 4 8 16
GROUP 224 8
2 0
2 0 1
2 0 1 2
2 1 1 2 4
2 2 1 2 4 8
7 0 1 2 4 8 16
GROUP 224 9
2 0
2 0 1
2 0 1 2
2 1 1 2 4
2 8 1 2 4 8
7 0 1 2 4 8 16
GROUP 224 10
2 0
2 0 1
2 0 1 2
2 1 1 2 4
2 1 1 2 4 9
7 0 1 2 4 8 16
GROUP 224 11
2 0
2 0 1
2 0 1 2
2 1 1 2 4
2 2 1 2 4 9
7 0 1 2 4 8 16
GROUP 224 12
2 0
2 0 1
2 0 1 2
2 1 1 2 4
2 4 1 2 4 10
7 0 1 2 4 8 16
GROUP 224 13
2 0
2 0 1
2 0 1 2
2 1 1 2 4
2 0 1 2 5 8
7 0 1 2 4 8 16
GROUP 224 14
2 0
2 0 1
2 0 1 2
2 1 1 2 4
2 2 1 2 5 8
7 0 1 2 4 8 16
GROUP 224 15
2 0
2 0 1
2 0 1 2
2 1 1 2 4
2 8 1 2 5 8
7 0 1 2 4 8 16
GROUP 224 16
2 0
2 0 1
2 0 1 2
2 1 1 2 4
2 0 1 2 5 10
7 0 1 2 4 8 16
GROUP 224 17
2 0
2 0 1
2 0 1 2
2 1 1 2 4
2 0 1 2 6 8
7 0 1 2 4 8 16
GROUP 224 18
2 0
2 0 1
2 0 1 2
2 1 1 2 4
2 8 1 2 6 8
7 0 1 2 4 8 16
GROUP 224 19
2 0
2 0 1
2 0 1 2
2 1 1 2 4
2 0 1 2 6 9
7 0 1 2 4 8 16
GROUP 224 20
2 0
2 0 1
2 0 1 2
2 1 1 2 4
2 1 1 2 6 9
7 0 1 2 4 8 16
GROUP 224 21
2 0
2 0 1
2 0 1 2
2 0 1 2 5
2 2 1 2 6 10
7 0 1 2 4 8 16
GROUP 224 22
2 0
2 0 1
2 0 1 2
2 0 1 2 5
2 3 1 2 6 10
7 0 1 2 4 8 16
GROUP 224 23
2 0
2 0 1
2 0 1 2
2 0 1 2 5
2 0 1 2 8 4
7 0 1 2 4 8 16
GROUP 224 24
2 0
2 0 1
2 0 1 2
2 0 1 2 5
2 1 1 2 8 4
7 0 1 2 4 8 16
GROUP 224 25
2 0
2 0 1
2 0 1 2
2 0 1 2 5
2 2 1 2 8 4
7 0 1 2 4 8 16
GROUP 224 26
2 0
2 0 1
2 0 1 2
2 0 1 2 5
2 0 1 3 4 8
7 0 1 2 4 8 16
GROUP 224 27
2 0
2 0 1
2 0 1 2
2 0 1 2 5
2 4 1 3 4 10
7 0 1 2 4 8 16
GROUP 224 28
2 0
2 0 1
2 0 1 2
2 0 1 2 5
2 12 1 3 6 10
7 0 1 2 4 8 16
GROUP 224 29
2 0
2 0 1
2 0 1 2
2 0 1 2 5
2 0 1 3 8 4
7 0 1 2 4 8 16
GROUP 224 30
2 0
2 0 1
2 0 1 2
2 2 1 2 5
2 3 1 2 6 8
7 0 1 2 4 8 16
GROUP 224 31
2 0
2 0 1
2 1 1 2
2 2 1 2 4
2 4 1 2 4 8
7 0 1 2 4 8 16
GROUP 224 32
2 0
2 0 1
2 1 1 2
2 2 1 2 4
2 4 1 2 4 9
7 0 1 2 4 8 16
GROUP 224 33
2 0
2 0 1
2 1 1 2
2 2 1 2 4
2 2 1 2 4 10
7 0 1 2 4 8 16
GROUP 224 34
2 0
2 0 1
2 1 1 2
2 2 1 2 4
2 4 1 2 4 10
7 0 1 2 4 8 16
GROUP 224 35
2 0
2 0 1
2 1 1 2
2 2 1 2 4
2 1 1 2 5 10
7 0 1 2 4 8 16
GROUP 224 36
2 0
2 0 1
2 1 1 2
2 2 1 2 4
2 2 1 2 5 11
7 0 1 2 4 8 16
GROUP 224 37
2 0
2 0 1
2 1 1 2
2 2 1 2 4
2 0 1 3 4 14
7 0 1 2 4 8 16
GROUP 224 38
2 0
2 0 1
2 1 1 2
2 4 1 2 4
2 8 1 2 4 8
7 0 1 2 4 8 16
GROUP 224 39
2 0
2 0 1
2 1 1 2
2 4 1 2 4
2 2 1 2 5 12
7 0 1 2 4 8 16
GROUP 224 40
2 0
2 0 1
2 1 1 2
2 4 1 2 4
2 1 1 2 5 13
7 0 1 2 4 8 16
GROUP 224 41
2 0
2 0 1
2 1 1 2
2 4 1 2 4
2 2 1 2 5 13
7 0 1 2 4 8 16
GROUP 224 42
2 0
2 0 1
2 1 1 2
2 4 1 2 4
2 1 1 2 5 14
7 0 1 2 4 8 16
GROUP 224 43
2 0
2 0 1
2 1 1 2
2 4 1 2 4
2 0 1 3 4 8
7 0 1 2 4 8 16
GROUP 224 44
2 0
2 0 1
2 1 1 2
2 4 1 2 4
2 8 1 3 4 8
7 0 1 2 4 8 16
GROUP 224 45
2 0
2 0 1
2 1 1 2
2 4 1 2 4
2 0 1 3 5 12
7 0 1 2 4 8 16
GROUP 224 46
2 0
2 0 1
2 1 1 2
2 4 1 2 4
2 6 1 3 5 12
7 0 1 2 4 8 16
GROUP 224 47
2 0
2 0 1
2 1 1 2
2 1 1 2 5
2 0 1 3 4 8
7 0 1 2 4 8 16
GROUP 224 48
2 0
2 0 1
2 1 1 2
2 1 1 2 5
2 4 1 3 4 10
7 0 1 2 4 8 16
GROUP 224 49
2 0
2 0 1
2 1 1 2
2 1 1 2 5
2 4 1 3 4 12
7 0 1 2 4 8 16
GROUP 224 50
2 0
2 0 1
2 0 1 3
2 0 1 4 2
2 0 1 8 14 2
7 0 1 2 4 8 16
GROUP 224 51
2 0
2 0 1
2 0 1 3
2 0 1 4 2
2 1 1 8 14 2
7 0 1 2 4 8 16
GROUP 224 52
2 0
2 1 1
2 2 1 2
2 4 1 2 4
2 8 1 2 4 8
7 0 1 2 4 8 16
GROUP 224 53
2 0
2 1 1
2 2 1 2
2 4 1 2 4
2 1 1 3 7 15
7 0 1 2 4 8 16
GROUP 224 54
2 0
2 0 1
2 0 1 2
2 0 1 2 4
7 0 1 2 4 8
2 0 1 2 4 8 96
GROUP 224 55
2 0
2 0 1
2 0 1 2
2 0 1 2 4
7 0 1 2 4 8
2 1 1 2 4 8 96
GROUP 224 56
2 0
2 0 1
2 0 1 2
2 0 1 2 4
7 0 1 2 4 8
2 0 1 2 4 9 96
GROUP 224 57
2 0
2 0 1
2 0 1 2
2 0 1 2 4
7 0 1 2 4 8
2 2 1 2 4 9 96
GROUP 224 58
2 0
2 0 1
2 0 1 2
2 0 1 2 4
7 0 1 2 4 8
2 0 1 2 5 10 96
GROUP 224 59
2 0
2 0 1
2 0 1 2
2 1 1 2 4
7 0 1 2 4 8
2 0 1 2 4 8 96
GROUP 224 60
2 0
2 0 1
2 0 1 2
2 1 1 2 4
7 0 1 2 4 8
2 2 1 2 4 8 96
GROUP 224 61
2 0
2 0 1
2 0 1 2
2 1 1 2 4
7 0 1 2 4 8
2 8 1 2 4 8 96
GROUP 224 62
2 0
2 0 1
2 0 1 2
2 1 1 2 4
7 0 1 2 4 8
2 0 1 2 4 9 96
GROUP 224 63
2 0
2 0 1
2 0 1 2
2 1 1 2 4
7 0 1 2 4 8
2 1 1 2 4 9 96
GROUP 224 64
2 0
2 0 1
2 0 1 2
2 1 1 2 4
7 0 1 2 4 8
2 2 1 2 4 9 96
GROUP 224 65
2 0
2 0 1
2 0 1 2
2 1 1 2 4
7 0 1 2 4 8
2 0 1 2 4 10 96
GROUP 224 66
2 0
2 0 1
2 0 1 2
2 1 1 2 4
7 0 1 2 4 8
2 1 1 2 4 10 96
GROUP 224 67
2 0
2 0 1
2 0 1 2
2 1 1 2 4
7 0 1 2 4 8
2 4 1 2 4 10 96
GROUP 224 68
2 0
2 0 1
2 0 1 2
2 1 1 2 4
7 0 1 2 4 8
2 0 1 2 5 8 96
GROUP 224 69
2 0
2 0 1
2 0 1 2
2 1 1 2 4
7 0 1 2 4 8
2 2 1 2 5 8 96
GROUP 224 70
2 0
2 0 1
2 0 1 2
2 1 1 2 4
7 0 1 2 4 8
2 8 1 2 5 8 96
GROUP 224 71
2 0
2 0 1
2 0 1 2
2 1 1 2 4
7 0 1 2 4 8
2 0 1 2 5 10 96
GROUP 224 72
2 0
2 0 1
2 0 1 2
2 1 1 2 4
7 0 1 2 4 8
2 0 1 2 6 8 96
GROUP 224 73
2 0
2 0 1
2 0 1 2
2 1 1 2 4
7 0 1 2 4 8
2 8 1 2 6 8 96
GROUP 224 74
2 0
2 0 1
2 0 1 2
2 1 1 2 4
7 0 1 2 4 8
2 0 1 2 6 9 96
GROUP 224 75
2 0
2 0 1
2 0 1 2
2 1 1 2 4
7 0 1 2 4 8
2 1 1 2 6 9 96
GROUP 224 76
2 0
2 0 1
2 0 1 2
2 0 1 2 5
7 0 1 2 4 8
2 0 1 2 4 8 96
GROUP 224 77
2 0
2 0 1
2 0 1 2
2 0 1 2 5
7 0 1 2 4 8
2 1 1 2 4 8 96
GROUP 224 78
2 0
2 0 1
2 0 1 2
2 0 1 2 5
7 0 1 2 4 8
2 2 1 2 4 8 96
GROUP 224 79
2 0
2 0 1
2 0 1 2
2 0 1 2 5
7 0 1 2 4 8
2 0 1 2 4 10 96
GROUP 224 80
2 0
2 0 1
2 0 1 2
2 0 1 2 5
7 0 1 2 4 8
2 1 1 2 4 10 96
GROUP 224 81
2 0
2 0 1
2 0 1 2
2 0 1 2 5
7 0 1 2 4 8
2 2 1 2 4 10 96
GROUP 224 82
2 0
2 0 1
2 0 1 2
2 0 1 2 5
7 0 1 2 4 8
2 0 1 2 6 10 96
GROUP 224 83
2 0
2 0 1
2 0 1 2
2 0 1 2 5
7 0 1 2 4 8
2 2 1 2 6 10 96
GROUP 224 84
2 0
2 0 1
2 0 1 2
2 0 1 2 5
7 0 1 2 4 8
2 3 1 2 6 10 96
GROUP 224 85
2 0
2 0 1
2 0 1 2
2 0 1 2 5
7 0 1 2 4 8
2 0 1 2 8 4 96
GROUP 224 86
2 0
2 0 1
2 0 1 2
2 0 1 2 5
7 0 1 2 4 8
2 1 1 2 8 4 96
GROUP 224 87
2 0
2 0 1
2 0 1 2
2 0 1 2 5
7 0 1 2 4 8
2 2 1 2 8 4 96
GROUP 224 88
2 0
2 0 1
2 0 1 2
2 0 1 2 5
7 0 1 2 4 8
2 0 1 3 4 8 96
GROUP 224 89
2 0
2 0 1
2 0 1 2
2 0 1 2 5
7 0 1 2 4 8
2 4 1 3 4 10 96
GROUP 224 90
2 0
2 0 1
2 0 1 2
2 0 1 2 5
7 0 1 2 4 8
2 12 1 3 6 10 96
GROUP 224 91
2 0
2 0 1
2 0 1 2
2 0 1 2 5
7 0 1 2 4 8
2 0 1 3 8 4 96
GROUP 224 92
2 0
2 0 1
2 0 1 2
2 2 1 2 5
7 0 1 2 4 8
2 0 1 2 4 8 96
GROUP 224 93
2 0
2 0 1
2 0 1 2
2 2 1 2 5
7 0 1 2 4 8
2 1 1 2 4 8 96
GROUP 224 94
2 0
2 0 1
2 0 1 2
2 2 1 2 5
7 0 1 2 4 8
2 2 1 2 4 8 96
GROUP 224 95
2 0
2 0 1
2 0 1 2
2 2 1 2 5
7 0 1 2 4 8
2 0 1 2 4 10 96
GROUP 224 96
2 0
2 0 1
2 0 1 2
2 2 1 2 5
7 0 1 2 4 8
2 1 1 2 4 10 96
GROUP 224 97
2 0
2 0 1
2 0 1 2
2 2 1 2 5
7 0 1 2 4 8
2 2 1 2 4 10 96
GROUP 224 98
2 0
2 0 1
2 0 1 2
2 2 1 2 5
7 0 1 2 4 8
2 0 1 2 6 8 96
GROUP 224 99
2 0
2 0 1
2 0 1 2
2 2 1 2 5
7 0 1 2 4 8
2 1 1 2 6 8 96
GROUP 224 100
2 0
2 0 1
2 0 1 2
2 2 1 2 5
7 0 1 2 4 8
2 2 1 2 6 8 96
GROUP 224 101
2 0
2 0 1
2 0 1 2
2 2 1 2 5
7 0 1 2 4 8
2 3 1 2 6 8 96
GROUP 224 102
2 0
2 0 1
2 0 1 2
2 2 1 2 5
7 0 1 2 4 8
2 0 1 3 4 12 96
GROUP 224 103
2 0
2 0 1
2 1 1 2
2 2 1 2 4
7 0 1 2 4 8
2 0 1 2 4 8 96
GROUP 224 104
2 0
2 0 1
2 1 1 2
2 2 1 2 4
7 0 1 2 4 8
2 4 1 2 4 8 96
GROUP 224 105
2 0
2 0 1
2 1 1 2
2 2 1 2 4
7 0 1 2 4 8
2 0 1 2 4 9 96
GROUP 224 106
2 0
2 0 1
2 1 1 2
2 2 1 2 4
7 0 1 2 4 8
2 4 1 2 4 9 96
GROUP 224 107
2 0
2 0 1
2 1 1 2
2 2 1 2 4
7 0 1 2 4 8
2 0 1 2 4 10 96
GROUP 224 108
2 0
2 0 1
2 1 1 2
2 2 1 2 4
7 0 1 2 4 8
2 2 1 2 4 10 96
GROUP 224 109
2 0
2 0 1
2 1 1 2
2 2 1 2 4
7 0 1 2 4 8
2 4 1 2 4 10 96
GROUP 224 110
2 0
2 0 1
2 1 1 2
2 2 1 2 4
7 0 1 2 4 8
2 0 1 2 5 10 96
GROUP 224 111
2 0
2 0 1
2 1 1 2
2 2 1 2 4
7 0 1 2 4 8
2 1 1 2 5 10 96
GROUP 224 112
2 0
2 0 1
2 1 1 2
2 2 1 2 4
7 0 1 2 4 8
2 0 1 2 5 11 96
GROUP 224 113
2 0
2 0 1
2 1 1 2
2 2 1 2 4
7 0 1 2 4 8
2 2 1 2 5 11 96
GROUP 224 114
2 0
2 0 1
2 1 1 2
2 2 1 2 4
7 0 1 2 4 8
2 0 1 2 6 11 96
GROUP 224 115
2 0
2 0 1
2 1 1 2
2 2 1 2 4
7 0 1 2 4 8
2 0 1 3 4 14 96
GROUP 224 116
2 0
2 0 1
2 1 1 2
2 4 1 2 4
7 0 1 2 4 8
2 0 1 2 4 8 96
GROUP 224 117
2 0
2 0 1
2 1 1 2
2 4 1 2 4
7 0 1 2 4 8
2 2 1 2 4 8 96
GROUP 224 118
2 0
2 0 1
2 1 1 2
2 4 1 2 4
7 0 1 2 4 8
2 8 1 2 4 8 96
GROUP 224 119
2 0
2 0 1
2 1 1 2
2 4 1 2 4
7 0 1 2 4 8
2 0 1 2 4 9 96
GROUP 224 120
2 0
2 0 1
2 1 1 2
2 4 1 2 4
7 0 1 2 4 8
2 2 1 2 4 9 96
GROUP 224 121
2 0
2 0 1
2 1 1 2
2 4 1 2 4
7 0 1 2 4 8
2 0 1 2 4 10 96
GROUP 224 122
2 0
2 0 1
2 1 1 2
2 4 1 2 4
7 0 1 2 4 8
2 2 1 2 4 10 96
GROUP 224 123
2 0
2 0 1
2 1 1 2
2 4 1 2 4
7 0 1 2 4 8
2 0 1 2 5 12 96
GROUP 224 124
2 0
2 0 1
2 1 1 2
2 4 1 2 4
7 0 1 2 4 8
2 2 1 2 5 12 96
GROUP 224 125
2 0
2 0 1
2 1 1 2
2 4 1 2 4
7 0 1 2 4 8
2 0 1 2 5 13 96
GROUP 224 126
2 0
2 0 1
2 1 1 2
2 4 1 2 4
7 0 1 2 4 8
2 1 1 2 5 13 96
GROUP 224 127
2 0
2 0 1
2 1 1 2
2 4 1 2 4
7 0 1 2 4 8
2 2 1 2 5 13 96
GROUP 224 128
2 0
2 0 1
2 1 1 2
2 4 1 2 4
7 0 1 2 4 8
2 0 1 2 5 14 96
GROUP 224 129
2 0
2 0 1
2 1 1 2
2 4 1 2 4
7 0 1 2 4 8
2 1 1 2 5 14 96
GROUP 224 130
2 0
2 0 1
2 1 1 2
2 4 1 2 4
7 0 1 2 4 8
2 0 1 3 4 8 96
GROUP 224 131
2 0
2 0 1
2 1 1 2
2 4 1 2 4
7 0 1 2 4 8
2 8 1 3 4 8 96
GROUP 224 132
2 0
2 0 1
2 1 1 2
2 4 1 2 4
7 0 1 2 4 8
2 0 1 3 5 12 96
GROUP 224 133
2 0
2 0 1
2 1 1 2
2 4 1 2 4
7 0 1 2 4 8
2 6 1 3 5 12 96
GROUP 224 134
2 0
2 0 1
2 1 1 2
2 1 1 2 5
7 0 1 2 4 8
2 0 1 2 4 8 96
GROUP 224 135
2 0
2 0 1
2 1 1 2
2 1 1 2 5
7 0 1 2 4 8
2 1 1 2 4 8 96
GROUP 224 136
2 0
2 0 1
2 1 1 2
2 1 1 2 5
7 0 1 2 4 8
2 2 1 2 4 8 96
GROUP 224 137
2 0
2 0 1
2 1 1 2
2 1 1 2 5
7 0 1 2 4 8
2 0 1 2 4 10 96
GROUP 224 138
2 0
2 0 1
2 1 1 2
2 1 1 2 5
7 0 1 2 4 8
2 2 1 2 4 10 96
GROUP 224 139
2 0
2 0 1
2 1 1 2
2 1 1 2 5
7 0 1 2 4 8
2 3 1 2 4 10 96
GROUP 224 140
2 0
2 0 1
2 1 1 2
2 1 1 2 5
7 0 1 2 4 8
2 4 1 2 4 12 96
GROUP 224 141
2 0
2 0 1
2 1 1 2
2 1 1 2 5
7 0 1 2 4 8
2 5 1 2 4 12 96
GROUP 224 142
2 0
2 0 1
2 1 1 2
2 1 1 2 5
7 0 1 2 4 8
2 6 1 2 4 12 96
GROUP 224 143
2 0
2 0 1
2 1 1 2
2 1 1 2 5
7 0 1 2 4 8
2 0 1 3 4 8 96
GROUP 224 144
2 0
2 0 1
2 1 1 2
2 1 1 2 5
7 0 1 2 4 8
2 4 1 3 4 10 96
GROUP 224 145
2 0
2 0 1
2 1 1 2
2 1 1 2 5
7 0 1 2 4 8
2 4 1 3 4 12 96
GROUP 224 146
2 0
2 0 1
2 1 1 2
2 2 1 2 5
7 0 1 2 4 8
2 0 1 2 4 8 96
GROUP 224 147
2 0
2 0 1
2 1 1 2
2 2 1 2 5
7 0 1 2 4 8
2 1 1 2 4 8 96
GROUP 224 148
2 0
2 0 1
2 1 1 2
2 2 1 2 5
7 0 1 2 4 8
2 2 1 2 4 8 96
GROUP 224 149
2 0
2 0 1
2 1 1 2
2 2 1 2 5
7 0 1 2 4 8
2 3 1 2 4 8 96
GROUP 224 150
2 0
2 0 1
2 1 1 2
2 2 1 2 5
7 0 1 2 4 8
2 0 1 2 4 10 96
GROUP 224 151
2 0
2 0 1
2 1 1 2
2 2 1 2 5
7 0 1 2 4 8
2 1 1 2 4 10 96
GROUP 224 152
2 0
2 0 1
2 1 1 2
2 2 1 2 5
7 0 1 2 4 8
2 2 1 2 4 10 96
GROUP 224 153
2 0
2 0 1
2 1 1 2
2 2 1 2 5
7 0 1 2 4 8
2 3 1 2 4 10 96
GROUP 224 154
2 0
2 0 1
2 1 1 2
2 2 1 2 5
7 0 1 2 4 8
2 4 1 2 4 12 96
GROUP 224 155
2 0
2 0 1
2 1 1 2
2 2 1 2 5
7 0 1 2 4 8
2 5 1 2 4 12 96
GROUP 224 156
2 0
2 0 1
2 1 1 2
2 2 1 2 5
7 0 1 2 4 8
2 6 1 2 4 12 96
GROUP 224 157
2 0
2 0 1
2 1 1 2
2 2 1 2 5
7 0 1 2 4 8
2 7 1 2 4 12 96
GROUP 224 158
2 0
2 0 1
2 1 1 2
2 2 1 2 5
7 0 1 2 4 8
2 0 1 2 6 8 96
GROUP 224 159
2 0
2 0 1
2 1 1 2
2 2 1 2 5
7 0 1 2 4 8
2 1 1 2 6 8 96
GROUP 224 160
2 0
2 0 1
2 1 1 2
2 2 1 2 5
7 0 1 2 4 8
2 2 1 2 6 8 96
GROUP 224 161
2 0
2 0 1
2 1 1 2
2 2 1 2 5
7 0 1 2 4 8
2 3 1 2 6 8 96
GROUP 224 162
2 0
2 0 1
2 1 1 2
2 0 1 3 4
7 0 1 2 4 8
2 0 1 2 4 8 96
GROUP 224 163
2 0
2 0 1
2 1 1 2
2 0 1 3 4
7 0 1 2 4 8
2 4 1 2 4 8 96
GROUP 224 164
2 0
2 0 1
2 1 1 2
2 0 1 3 4
7 0 1 2 4 8
2 2 1 2 4 14 96
GROUP 224 165
2 0
2 0 1
2 1 1 2
2 0 1 3 4
7 0 1 2 4 8
2 6 1 2 4 14 96
GROUP 224 166
2 0
2 0 1
2 1 1 2
2 0 1 3 4
7 0 1 2 4 8
2 0 1 2 5 8 96
GROUP 224 167
2 0
2 0 1
2 1 1 2
2 0 1 3 4
7 0 1 2 4 8
2 1 1 2 5 8 96
GROUP 224 168
2 0
2 0 1
2 1 1 2
2 0 1 3 4
7 0 1 2 4 8
2 0 1 2 5 14 96
GROUP 224 169
2 0
2 0 1
2 1 1 2
2 0 1 3 4
7 0 1 2 4 8
2 1 1 2 5 14 96
GROUP 224 170
2 0
2 0 1
2 1 1 2
2 4 1 3 4
7 0 1 2 4 8
2 0 1 2 4 8 96
GROUP 224 171
2 0
2 0 1
2 1 1 2
2 4 1 3 4
7 0 1 2 4 8
2 4 1 2 4 8 96
GROUP 224 172
2 0
2 0 1
2 1 1 2
2 4 1 3 4
7 0 1 2 4 8
2 2 1 2 4 14 96
GROUP 224 173
2 0
2 0 1
2 1 1 2
2 4 1 3 4
7 0 1 2 4 8
2 6 1 2 4 14 96
GROUP 224 174
2 0
2 0 1
2 1 1 2
2 4 1 3 4
7 0 1 2 4 8
2 0 1 2 5 10 96
GROUP 224 175
2 0
2 0 1
2 1 1 2
2 4 1 3 4
7 0 1 2 4 8
2 1 1 2 5 10 96
GROUP 224 176
2 0
2 0 1
2 1 1 2
2 4 1 3 4
7 0 1 2 4 8
2 0 1 2 5 12 96
GROUP 224 177
2 0
2 0 1
2 1 1 2
2 4 1 3 4
7 0 1 2 4 8
2 1 1 2 5 12 96
GROUP 224 178
2 0
2 0 1
2 0 1 3
2 0 1 4 2
7 0 1 2 4 8
2 0 1 2 4 8 96
GROUP 224 179
2 0
2 0 1
2 0 1 3
2 0 1 4 2
7 0 1 2 4 8
2 1 1 2 4 8 96
GROUP 224 180
2 0
2 0 1
2 0 1 3
2 0 1 4 2
7 0 1 2 4 8
2 0 1 2 4 9 96
GROUP 224 181
2 0
2 0 1
2 0 1 3
2 0 1 4 2
7 0 1 2 4 8
2 0 1 8 14 2 96
GROUP 224 182
2 0
2 0 1
2 0 1 3
2 0 1 4 2
7 0 1 2 4 8
2 1 1 8 14 2 96
GROUP 224 183
2 0
2 0 1
2 0 1 3
2 1 1 4 2
7 0 1 2 4 8
2 0 1 2 4 8 96
GROUP 224 184
2 0
2 0 1
2 0 1 3
2 1 1 4 2
7 0 1 2 4 8
2 1 1 2 4 8 96
GROUP 224 185
2 0
2 0 1
2 0 1 3
2 1 1 4 2
7 0 1 2 4 8
2 0 1 2 4 9 96
GROUP 224 186
2 0
2 0 1
2 0 1 3
2 1 1 4 2
7 0 1 2 4 8
2 1 1 2 4 9 96
GROUP 224 187
2 0
2 1 1
2 2 1 2
2 4 1 2 4
7 0 1 2 4 8
2 0 1 2 4 8 96
GROUP 224 188
2 0
2 1 1
2 2 1 2
2 4 1 2 4
7 0 1 2 4 8
2 8 1 2 4 8 96
GROUP 224 189
2 0
2 1 1
2 2 1 2
2 4 1 2 4
7 0 1 2 4 8
2 0 1 2 4 9 96
GROUP 224 190
2 0
2 1 1
2 2 1 2
2 4 1 2 4
7 0 1 2 4 8
2 0 1 3 7 14 96
GROUP 224 191
2 0
2 1 1
2 2 1 2
2 4 1 2 4
7 0 1 2 4 8
2 0 1 3 7 15 96
GROUP 224 192
2 0
2 1 1
2 2 1 2
2 4 1 2 4
7 0 1 2 4 8
2 1 1 3 7 15 96
GROUP 224 193
2 0
2 1 1
2 2 1 2
2 1 1 3 7
7 0 1 2 4 8
2 0 1 2 4 8 96
GROUP 224 194
2 0
2 1 1
2 2 1 2
2 1 1 3 7
7 0 1 2 4 8
2 1 1 2 4 8 96
GROUP 224 195
2 0
2 1 1
2 2 1 2
2 1 1 3 7
7 0 1 2 4 8
2 6 1 2 4 12 96
GROUP 224 196
2 0
2 1 1
2 2 1 2
2 1 1 3 7
7 0 1 2 4 8
2 7 1 2 4 12 96
GROUP 224 197
2 0
2 1 1
2 2 1 2
2 1 1 3 7
7 0 1 2 4 8
2 0 1 2 5 8 96
