GROUP 234 1
2 0
3 0 1
3 0 1 2
13 0 1 2 6
GROUP 234 2
2 0
3 0 1
3 2 1 2
13 0 1 2 6
GROUP 234 3
3 0
2 0 2
3 0 1 3
13 0 1 3 6
GROUP 234 4
3 0
3 0 1
2 0 2 6
13 0 1 3 9
GROUP 234 5
3 0
3 1 1
2 0 2 8
13 0 1 3 9
GROUP 234 6
2 0
3 0 1
13 0 1 2
3 0 1 2 18
GROUP 234 7
2 0
3 0 1
13 0 1 2
3 2 1 2 18
GROUP 234 8
3 0
2 0 2
13 0 1 3
3 0 1 3 18
GROUP 234 9
13 0
2 0 12
3 0 1 13
3 0 1 13 26
GROUP 234 10
13 0
2 0 12
3 0 1 13
3 26 1 13 26
GROUP 234 11
13 0
2 0 12
3 0 1 13
3 0 3 13 26
GROUP 234 12
13 0
2 0 12
3 0 1 13
3 26 3 13 26
GROUP 234 13
3 0
13 0 1
2 0 2 36
3 0 1 3 39
GROUP 234 14
3 0
13 0 1
2 0 2 36
3 0 1 9 39
GROUP 234 15
3 0
3 0 1
13 0 1 3
2 0 2 6 108
GROUP 234 16
3 0
3 1 1
13 0 1 3
2 0 2 8 108
