GROUP 232 1
2 0
2 0 1
2 0 1 2
29 0 1 2 4
GROUP 232 2
2 0
2 0 1
2 1 1 2
29 0 1 2 4
GROUP 232 3
2 0
2 0 1
2 0 1 3
29 0 1 2 4
GROUP 232 4
2 0
2 1 1
2 2 1 2
29 0 1 2 4
GROUP 232 5
2 0
2 1 1
2 1 1 3
29 0 1 2 4
GROUP 232 6
2 0
2 0 1
29 0 1 2
2 0 1 2 112
GROUP 232 7
2 0
2 0 1
29 0 1 2
2 1 1 2 112
GROUP 232 8
2 0
2 0 1
29 0 1 2
2 0 1 3 112
GROUP 232 9
2 0
2 1 1
29 0 1 2
2 0 1 2 112
GROUP 232 10
2 0
2 1 1
29 0 1 2
2 2 1 2 112
GROUP 232 11
2 0
2 1 1
29 0 1 2
2 0 1 3 112
GROUP 232 12
2 0
2 1 1
29 0 1 2
2 1 1 3 112
GROUP 232 13
2 0
29 0 1
2 0 1 56
2 58 1 24 58
GROUP 232 14
2 0
29 0 1
2 1 1 56
2 58 1 24 58
