GROUP 240 1
3 0 
2 0 1
2 3 1 3
2 6 1 3 6
5 0 1 3 6 12
2 12 2 3 6 12 24
GROUP 240 2
5 0 
2 0 1
2 5 1 5
2 10 1 5 10
3 0 1 5 10 20
2 20 4 5 10 20 40
GROUP 240 3
5 0 
3 0 1
2 0 1 5
2 15 1 5 15
2 30 1 5 15 30
2 60 4 10 15 30 60
GROUP 240 4
2 0 
2 1 1
2 2 1 2
5 0 1 2 4
3 0 1 2 4 8
2 4 1 2 4 8 40
GROUP 240 5
5 0 
2 0 1
2 5 1 5
2 10 4 5 10
3 0 1 5 10 20
2 20 3 5 10 20 40
GROUP 240 6
5 0 
3 0 1
2 0 1 5
2 15 1 5 15
2 30 4 5 15 30
2 60 2 10 15 30 60
GROUP 240 7
5 0 
3 0 1
2 0 1 5
2 15 1 5 15
2 30 1 10 15 30
2 0 4 5 15 30 60
GROUP 240 8
5 0 
3 0 1
2 0 1 5
2 15 1 5 15
2 0 1 10 15 30
2 30 4 5 15 30 60
GROUP 240 9
5 0 
3 0 1
2 0 1 5
2 15 1 5 15
2 30 1 10 15 30
2 30 4 5 15 30 60
GROUP 240 10
5 0 
3 0 1
2 0 1 5
2 15 1 5 15
2 30 1 10 15 30
2 0 4 5 15 30 75
GROUP 240 11
5 0 
3 0 1
2 0 1 5
2 15 1 5 15
2 0 1 10 15 30
2 30 4 5 15 30 75
GROUP 240 12
5 0 
3 0 1
2 0 1 5
2 15 1 5 15
2 30 1 10 15 30
2 30 4 5 15 30 75
GROUP 240 13
5 0 
3 0 1
2 0 1 5
2 15 1 5 15
2 0 1 10 15 45
2 0 4 5 15 45 90
GROUP 240 14
5 0 
3 0 1
2 0 1 5
2 15 1 5 15
2 45 1 10 15 30
2 0 4 5 15 45 90
GROUP 240 15
5 0 
3 0 1
2 0 1 5
2 15 1 5 15
2 0 1 10 15 45
2 30 4 5 15 30 105
GROUP 240 16
5 0 
3 0 1
2 0 1 5
2 15 1 5 15
2 15 1 10 15 45
2 0 4 5 15 45 90
GROUP 240 17
5 0 
3 0 1
2 0 1 5
2 15 1 5 15
2 0 1 10 15 45
2 15 4 5 15 45 90
GROUP 240 18
5 0 
3 0 1
2 0 1 5
2 15 1 5 15
2 30 1 10 15 30
2 0 4 5 15 45 90
GROUP 240 19
5 0 
3 0 1
2 0 1 5
2 15 1 5 15
2 30 1 10 15 30
2 15 4 5 15 45 90
GROUP 240 20
5 0 
3 0 1
2 0 1 5
2 15 1 5 15
2 0 1 10 15 45
2 30 4 5 15 30 90
GROUP 240 21
5 0 
3 0 1
2 0 1 5
2 15 1 5 15
2 15 1 10 15 45
2 30 4 5 15 30 90
GROUP 240 22
5 0 
3 0 1
2 0 1 5
2 15 1 5 15
2 15 1 10 15 45
2 15 4 5 15 45 90
GROUP 240 23
5 0 
3 0 1
2 0 1 5
2 15 1 5 15
2 45 1 10 15 30
2 15 4 5 15 45 90
GROUP 240 24
5 0 
3 0 1
2 0 1 5
2 15 1 5 15
2 15 1 10 15 45
2 30 4 5 15 30 105
GROUP 240 25
5 0 
3 0 1
2 0 1 5
2 0 1 5 15
2 15 1 10 15 30
2 30 4 5 15 30 60
GROUP 240 26
5 0 
3 0 1
2 0 1 5
2 0 1 5 15
2 30 1 10 15 30
2 0 4 5 15 30 75
GROUP 240 27
5 0 
3 0 1
2 0 1 5
2 0 1 5 15
2 0 1 10 15 30
2 30 4 5 15 30 75
GROUP 240 28
5 0 
3 0 1
2 0 1 5
2 0 1 5 15
2 45 1 10 15 30
2 30 4 5 15 30 75
GROUP 240 29
5 0 
3 0 1
2 0 1 5
2 0 1 5 15
2 30 1 10 15 30
2 15 4 5 15 30 75
GROUP 240 30
5 0 
3 0 1
2 0 1 5
2 0 1 5 15
2 30 1 10 15 30
2 30 4 5 15 30 75
GROUP 240 31
5 0 
3 0 1
2 0 1 5
2 0 1 5 15
2 15 1 10 15 30
2 30 4 5 15 30 75
GROUP 240 32
2 0 
2 0 1
2 2 1 2
2 3 1 2 4
5 0 1 2 4 8
3 0 2 3 8 13 16
GROUP 240 33
5 0 
2 0 1
2 5 1 5
3 0 1 5 10
2 10 1 5 10 20
2 0 4 5 10 20 60
GROUP 240 34
5 0 
2 0 1
2 5 1 5
3 0 1 5 10
2 10 1 5 10 20
2 0 4 5 10 20 65
GROUP 240 35
5 0 
2 0 1
2 5 1 5
3 0 1 5 10
2 10 1 5 10 20
2 0 4 5 15 20 70
GROUP 240 36
5 0 
2 0 1
2 5 1 5
3 0 1 5 10
2 15 1 5 10 20
2 0 4 5 15 20 70
GROUP 240 37
5 0 
2 0 1
2 5 1 5
3 0 1 5 10
2 15 1 5 10 20
2 5 4 5 15 20 70
GROUP 240 38
5 0 
2 0 1
2 5 1 5
3 0 1 5 10
2 0 1 5 10 20
2 10 4 5 10 20 60
GROUP 240 39
5 0 
2 0 1
2 5 1 5
3 0 1 5 10
2 0 1 5 10 20
2 10 4 5 10 20 65
GROUP 240 40
5 0 
2 0 1
2 0 1 5
3 0 1 5 10
2 5 1 5 10 20
2 10 4 5 10 20 60
GROUP 240 41
5 0 
2 0 1
2 0 1 5
3 0 1 5 10
2 10 1 5 10 20
2 5 4 5 10 20 65
GROUP 240 42
5 0 
2 0 1
2 0 1 5
3 0 1 5 10
2 5 1 5 10 20
2 10 4 5 10 20 65
GROUP 240 43
5 0 
2 0 1
2 0 1 5
3 0 1 5 10
2 10 1 5 10 20
2 0 4 5 10 20 65
GROUP 240 44
5 0 
2 0 1
2 5 1 5
3 0 1 5 10
2 0 1 5 15 20
2 0 4 5 15 20 70
GROUP 240 45
5 0 
2 0 1
2 5 1 5
3 0 1 5 10
2 0 1 5 15 20
2 5 4 5 15 20 70
GROUP 240 46
5 0 
2 0 1
2 5 1 5
3 0 1 5 10
2 5 1 5 15 20
2 0 4 5 15 20 70
GROUP 240 47
5 0 
2 0 1
2 5 1 5
3 0 1 5 10
2 5 1 5 15 20
2 5 4 5 15 20 70
GROUP 240 48
5 0 
2 0 1
2 0 1 5
3 0 1 5 10
2 0 1 5 10 20
2 10 4 5 10 20 65
GROUP 240 49
3 0 
2 0 1
2 3 1 3
5 0 1 3 6
2 6 1 3 6 12
2 0 2 3 6 12 60
GROUP 240 50
3 0 
2 0 1
2 3 1 3
5 0 1 3 6
2 6 1 3 6 12
2 0 2 3 6 12 63
GROUP 240 51
3 0 
2 0 1
2 3 1 3
5 0 1 3 6
2 6 1 3 6 12
2 0 2 3 9 12 66
GROUP 240 52
3 0 
2 0 1
2 3 1 3
5 0 1 3 6
2 9 1 3 6 12
2 0 2 3 9 12 66
GROUP 240 53
3 0 
2 0 1
2 3 1 3
5 0 1 3 6
2 9 1 3 6 12
2 3 2 3 9 12 66
GROUP 240 54
3 0 
2 0 1
2 3 1 3
5 0 1 3 6
2 0 1 3 6 12
2 6 2 3 6 12 60
GROUP 240 55
3 0 
2 0 1
2 3 1 3
5 0 1 3 6
2 0 1 3 6 12
2 6 2 3 6 12 63
GROUP 240 56
3 0 
2 0 1
2 0 1 3
5 0 1 3 6
2 3 1 3 6 12
2 6 2 3 6 12 60
GROUP 240 57
3 0 
2 0 1
2 0 1 3
5 0 1 3 6
2 6 1 3 6 12
2 3 2 3 6 12 63
GROUP 240 58
3 0 
2 0 1
2 0 1 3
5 0 1 3 6
2 3 1 3 6 12
2 6 2 3 6 12 63
GROUP 240 59
3 0 
2 0 1
2 0 1 3
5 0 1 3 6
2 6 1 3 6 12
2 0 2 3 6 12 63
GROUP 240 60
3 0 
2 0 1
2 3 1 3
5 0 1 3 6
2 0 1 3 9 12
2 0 2 3 9 12 66
GROUP 240 61
3 0 
2 0 1
2 3 1 3
5 0 1 3 6
2 0 1 3 9 12
2 3 2 3 9 12 66
GROUP 240 62
3 0 
2 0 1
2 3 1 3
5 0 1 3 6
2 3 1 3 9 12
2 0 2 3 9 12 66
GROUP 240 63
3 0 
2 0 1
2 3 1 3
5 0 1 3 6
2 3 1 3 9 12
2 3 2 3 9 12 66
GROUP 240 64
3 0 
2 0 1
2 0 1 3
5 0 1 3 6
2 0 1 3 6 12
2 6 2 3 6 12 63
GROUP 240 65
5 0 
3 0 1
2 0 1 5
2 15 1 5 15
2 30 1 5 15 30
2 0 4 10 15 30 60
GROUP 240 66
5 0 
3 0 1
2 0 1 5
2 15 1 5 15
2 30 1 5 15 30
2 0 4 10 15 30 75
GROUP 240 67
5 0 
3 0 1
2 0 1 5
2 15 1 5 15
2 30 1 5 15 30
2 0 4 10 15 45 90
GROUP 240 68
5 0 
3 0 1
2 0 1 5
2 15 1 5 15
2 45 1 5 15 30
2 0 4 10 15 45 90
GROUP 240 69
5 0 
3 0 1
2 0 1 5
2 15 1 5 15
2 45 1 5 15 30
2 15 4 10 15 45 90
GROUP 240 70
5 0 
3 0 1
2 0 1 5
2 15 1 5 15
2 0 1 5 15 30
2 30 4 10 15 30 60
GROUP 240 71
5 0 
3 0 1
2 0 1 5
2 15 1 5 15
2 0 1 5 15 30
2 30 4 10 15 30 75
GROUP 240 72
5 0 
3 0 1
2 0 1 5
2 0 1 5 15
2 15 1 5 15 30
2 30 4 10 15 30 60
GROUP 240 73
5 0 
3 0 1
2 0 1 5
2 0 1 5 15
2 30 1 5 15 30
2 15 4 10 15 30 75
GROUP 240 74
5 0 
3 0 1
2 0 1 5
2 0 1 5 15
2 15 1 5 15 30
2 30 4 10 15 30 75
GROUP 240 75
5 0 
3 0 1
2 0 1 5
2 0 1 5 15
2 30 1 5 15 30
2 0 4 10 15 30 75
GROUP 240 76
5 0 
3 0 1
2 0 1 5
2 15 1 5 15
2 0 1 5 15 45
2 0 4 10 15 45 90
GROUP 240 77
5 0 
3 0 1
2 0 1 5
2 15 1 5 15
2 0 1 5 15 45
2 15 4 10 15 45 90
GROUP 240 78
5 0 
3 0 1
2 0 1 5
2 15 1 5 15
2 15 1 5 15 45
2 0 4 10 15 45 90
GROUP 240 79
5 0 
3 0 1
2 0 1 5
2 15 1 5 15
2 15 1 5 15 45
2 15 4 10 15 45 90
GROUP 240 80
5 0 
3 0 1
2 0 1 5
2 0 1 5 15
2 0 1 5 15 30
2 30 4 10 15 30 75
GROUP 240 81
2 0 
2 0 1
5 0 1 2
3 0 1 2 4
2 1 1 2 4 20
2 2 1 2 4 20 60
GROUP 240 82
2 0 
2 0 1
5 0 1 2
3 0 1 2 4
2 0 1 2 4 20
2 1 1 2 4 20 62
GROUP 240 83
2 0 
2 0 1
5 0 1 2
3 0 1 2 4
2 2 1 2 4 20
2 1 1 2 4 20 62
GROUP 240 84
2 0 
2 1 1
5 0 1 2
3 0 1 2 4
2 0 1 2 4 20
2 2 1 2 4 20 60
GROUP 240 85
2 0 
2 1 1
5 0 1 2
3 0 1 2 4
2 0 1 2 4 20
2 2 1 2 4 20 61
GROUP 240 86
2 0 
2 1 1
5 0 1 2
3 0 1 2 4
2 0 1 3 4 20
2 0 1 3 4 20 62
GROUP 240 87
2 0 
2 1 1
5 0 1 2
3 0 1 2 4
2 0 1 3 4 20
2 1 1 3 4 20 62
GROUP 240 88
2 0 
2 1 1
5 0 1 2
3 0 1 2 4
2 1 1 3 4 20
2 1 1 3 4 20 62
