GROUP 24 1
2 0
2 0 1
2 0 1 2
3 0 1 2 4
GROUP 24 2
2 0
2 0 1
2 0 1 2
3 0 1 4 6
GROUP 24 3
2 0
2 0 1
2 1 1 2
3 0 1 2 4
GROUP 24 4
2 0
2 0 1
2 0 1 3
3 0 1 2 4
GROUP 24 5
2 0
2 1 1
2 2 1 2
3 0 1 2 4
GROUP 24 6
2 0
2 1 1
2 1 1 3
3 0 1 2 4
GROUP 24 7
2 0
2 1 1
2 1 1 3
3 0 1 4 6
GROUP 24 8
2 0
2 0 1
3 0 1 2
2 0 1 2 8
GROUP 24 9
2 0
2 0 1
3 0 1 2
2 1 1 2 8
GROUP 24 10
2 0
2 0 1
3 0 1 2
2 0 1 3 8
GROUP 24 11
2 0
2 0 1
3 0 2 3
2 0 1 3 8
GROUP 24 12
2 0
2 1 1
3 0 1 2
2 0 1 2 8
GROUP 24 13
2 0
2 1 1
3 0 1 2
2 2 1 2 8
GROUP 24 14
2 0
2 1 1
3 0 1 2
2 0 1 3 8
GROUP 24 15
2 0
2 1 1
3 0 1 2
2 1 1 3 8
