GROUP 32 1
2 0
2 0 1
2 0 1 2
2 0 1 2 4
2 0 1 2 4 8
GROUP 32 2
2 0
2 0 1
2 0 1 2
2 0 1 2 4
2 1 1 2 4 8
GROUP 32 3
2 0
2 0 1
2 0 1 2
2 0 1 2 4
2 0 1 2 4 9
GROUP 32 4
2 0
2 0 1
2 0 1 2
2 0 1 2 4
2 2 1 2 4 9
GROUP 32 5
2 0
2 0 1
2 0 1 2
2 0 1 2 4
2 0 1 2 5 10
GROUP 32 6
2 0
2 0 1
2 0 1 2
2 1 1 2 4
2 2 1 2 4 8
GROUP 32 7
2 0
2 0 1
2 0 1 2
2 1 1 2 4
2 8 1 2 4 8
GROUP 32 8
2 0
2 0 1
2 0 1 2
2 1 1 2 4
2 1 1 2 4 9
GROUP 32 9
2 0
2 0 1
2 0 1 2
2 1 1 2 4
2 2 1 2 4 9
GROUP 32 10
2 0
2 0 1
2 0 1 2
2 1 1 2 4
2 4 1 2 4 10
GROUP 32 11
2 0
2 0 1
2 0 1 2
2 1 1 2 4
2 0 1 2 5 8
GROUP 32 12
2 0
2 0 1
2 0 1 2
2 1 1 2 4
2 2 1 2 5 8
GROUP 32 13
2 0
2 0 1
2 0 1 2
2 1 1 2 4
2 8 1 2 5 8
GROUP 32 14
2 0
2 0 1
2 0 1 2
2 1 1 2 4
2 0 1 2 5 10
GROUP 32 15
2 0
2 0 1
2 0 1 2
2 1 1 2 4
2 0 1 2 6 8
GROUP 32 16
2 0
2 0 1
2 0 1 2
2 1 1 2 4
2 8 1 2 6 8
GROUP 32 17
2 0
2 0 1
2 0 1 2
2 1 1 2 4
2 0 1 2 6 9
GROUP 32 18
2 0
2 0 1
2 0 1 2
2 1 1 2 4
2 1 1 2 6 9
GROUP 32 19
2 0
2 0 1
2 0 1 2
2 0 1 2 5
2 2 1 2 6 10
GROUP 32 20
2 0
2 0 1
2 0 1 2
2 0 1 2 5
2 3 1 2 6 10
GROUP 32 21
2 0
2 0 1
2 0 1 2
2 0 1 2 5
2 0 1 2 8 4
GROUP 32 22
2 0
2 0 1
2 0 1 2
2 0 1 2 5
2 1 1 2 8 4
GROUP 32 23
2 0
2 0 1
2 0 1 2
2 0 1 2 5
2 2 1 2 8 4
GROUP 32 24
2 0
2 0 1
2 0 1 2
2 0 1 2 5
2 0 1 3 4 8
GROUP 32 25
2 0
2 0 1
2 0 1 2
2 0 1 2 5
2 4 1 3 4 10
GROUP 32 26
2 0
2 0 1
2 0 1 2
2 0 1 2 5
2 12 1 3 6 10
GROUP 32 27
2 0
2 0 1
2 0 1 2
2 0 1 2 5
2 0 1 3 8 4
GROUP 32 28
2 0
2 0 1
2 0 1 2
2 2 1 2 5
2 3 1 2 6 8
GROUP 32 29
2 0
2 0 1
2 1 1 2
2 2 1 2 4
2 4 1 2 4 8
GROUP 32 30
2 0
2 0 1
2 1 1 2
2 2 1 2 4
2 4 1 2 4 9
GROUP 32 31
2 0
2 0 1
2 1 1 2
2 2 1 2 4
2 2 1 2 4 10
GROUP 32 32
2 0
2 0 1
2 1 1 2
2 2 1 2 4
2 4 1 2 4 10
GROUP 32 33
2 0
2 0 1
2 1 1 2
2 2 1 2 4
2 1 1 2 5 10
GROUP 32 34
2 0
2 0 1
2 1 1 2
2 2 1 2 4
2 2 1 2 5 11
GROUP 32 35
2 0
2 0 1
2 1 1 2
2 2 1 2 4
2 0 1 3 4 14
GROUP 32 36
2 0
2 0 1
2 1 1 2
2 4 1 2 4
2 8 1 2 4 8
GROUP 32 37
2 0
2 0 1
2 1 1 2
2 4 1 2 4
2 2 1 2 5 12
GROUP 32 38
2 0
2 0 1
2 1 1 2
2 4 1 2 4
2 1 1 2 5 13
GROUP 32 39
2 0
2 0 1
2 1 1 2
2 4 1 2 4
2 2 1 2 5 13
GROUP 32 40
2 0
2 0 1
2 1 1 2
2 4 1 2 4
2 1 1 2 5 14
GROUP 32 41
2 0
2 0 1
2 1 1 2
2 4 1 2 4
2 0 1 3 4 8
GROUP 32 42
2 0
2 0 1
2 1 1 2
2 4 1 2 4
2 8 1 3 4 8
GROUP 32 43
2 0
2 0 1
2 1 1 2
2 4 1 2 4
2 0 1 3 5 12
GROUP 32 44
2 0
2 0 1
2 1 1 2
2 4 1 2 4
2 6 1 3 5 12
GROUP 32 45
2 0
2 0 1
2 1 1 2
2 1 1 2 5
2 0 1 3 4 8
GROUP 32 46
2 0
2 0 1
2 1 1 2
2 1 1 2 5
2 4 1 3 4 10
GROUP 32 47
2 0
2 0 1
2 1 1 2
2 1 1 2 5
2 4 1 3 4 12
GROUP 32 48
2 0
2 0 1
2 0 1 3
2 0 1 4 2
2 0 1 8 14 2
GROUP 32 49
2 0
2 0 1
2 0 1 3
2 0 1 4 2
2 1 1 8 14 2
GROUP 32 50
2 0
2 1 1
2 2 1 2
2 4 1 2 4
2 8 1 2 4 8
GROUP 32 51
2 0
2 1 1
2 2 1 2
2 4 1 2 4
2 1 1 3 7 15
