GROUP 36 1
2 0
2 0 1
3 0 1 2
3 0 1 2 4
GROUP 36 2
2 0
2 0 1
3 0 1 2
3 4 1 2 4
GROUP 36 3
2 0
2 0 1
3 0 1 2
3 0 2 3 4
GROUP 36 4
2 0
2 0 1
3 0 1 2
3 4 2 3 4
GROUP 36 5
2 0
2 1 1
3 0 1 2
3 0 1 2 4
GROUP 36 6
2 0
2 1 1
3 0 1 2
3 4 1 2 4
GROUP 36 7
2 0
3 0 1
2 0 1 4
3 0 1 2 6
GROUP 36 8
2 0
3 0 1
2 1 1 4
3 0 1 2 6
GROUP 36 9
2 0
3 0 1
3 0 1 2
2 0 1 4 12
GROUP 36 10
2 0
3 0 1
3 0 1 2
2 1 1 4 12
GROUP 36 11
2 0
3 0 1
3 2 1 2
2 0 1 4 16
GROUP 36 12
2 0
3 0 1
3 2 1 2
2 1 1 4 16
GROUP 36 13
3 0
2 0 2
3 0 1 3
2 0 1 3 12
GROUP 36 14
3 0
3 0 1
2 0 2 6
2 9 3 2 9
