GROUP 40 1
2 0
2 0 1
2 0 1 2
5 0 1 2 4
GROUP 40 2
2 0
2 0 1
2 1 1 2
5 0 1 2 4
GROUP 40 3
2 0
2 0 1
2 0 1 3
5 0 1 2 4
GROUP 40 4
2 0
2 1 1
2 2 1 2
5 0 1 2 4
GROUP 40 5
2 0
2 1 1
2 1 1 3
5 0 1 2 4
GROUP 40 6
2 0
2 0 1
5 0 1 2
2 0 1 2 16
GROUP 40 7
2 0
2 0 1
5 0 1 2
2 1 1 2 16
GROUP 40 8
2 0
2 0 1
5 0 1 2
2 0 1 3 16
GROUP 40 9
2 0
2 1 1
5 0 1 2
2 0 1 2 16
GROUP 40 10
2 0
2 1 1
5 0 1 2
2 2 1 2 16
GROUP 40 11
2 0
2 1 1
5 0 1 2
2 0 1 3 16
GROUP 40 12
2 0
2 1 1
5 0 1 2
2 1 1 3 16
GROUP 40 13
2 0
5 0 1
2 0 1 8
2 10 1 4 10
GROUP 40 14
2 0
5 0 1
2 1 1 8
2 10 1 4 10
