GROUP 48 1
2 0
2 0 1
2 0 1 2
2 0 1 2 4
3 0 1 2 4 8
GROUP 48 2
2 0
2 0 1
2 0 1 2
2 0 1 2 4
3 0 1 2 8 12
GROUP 48 3
2 0
2 0 1
2 0 1 2
2 0 1 2 4
3 0 2 3 8 12
GROUP 48 4
2 0
2 0 1
2 0 1 2
2 1 1 2 4
3 0 1 2 4 8
GROUP 48 5
2 0
2 0 1
2 0 1 2
2 1 1 2 4
3 0 1 4 6 8
GROUP 48 6
2 0
2 0 1
2 0 1 2
2 0 1 2 5
3 0 1 2 4 8
GROUP 48 7
2 0
2 0 1
2 0 1 2
2 2 1 2 5
3 0 1 2 4 8
GROUP 48 8
2 0
2 0 1
2 1 1 2
2 2 1 2 4
3 0 1 2 4 8
GROUP 48 9
2 0
2 0 1
2 1 1 2
2 2 1 2 4
3 0 2 3 8 15
GROUP 48 10
2 0
2 0 1
2 1 1 2
2 4 1 2 4
3 0 1 2 4 8
GROUP 48 11
2 0
2 0 1
2 1 1 2
2 1 1 2 5
3 0 1 2 4 8
GROUP 48 12
2 0
2 0 1
2 1 1 2
2 1 1 2 5
3 0 1 2 8 12
GROUP 48 13
2 0
2 0 1
2 1 1 2
2 2 1 2 5
3 0 1 2 4 8
GROUP 48 14
2 0
2 0 1
2 1 1 2
2 0 1 3 4
3 0 1 2 4 8
GROUP 48 15
2 0
2 0 1
2 1 1 2
2 0 1 3 4
3 0 1 8 4 14
GROUP 48 16
2 0
2 0 1
2 1 1 2
2 4 1 3 4
3 0 1 2 4 8
GROUP 48 17
2 0
2 0 1
2 0 1 3
2 0 1 4 2
3 0 1 2 4 8
GROUP 48 18
2 0
2 0 1
2 0 1 3
2 1 1 4 2
3 0 1 2 4 8
GROUP 48 19
2 0
2 1 1
2 2 1 2
2 4 1 2 4
3 0 1 2 4 8
GROUP 48 20
2 0
2 1 1
2 2 1 2
2 1 1 3 7
3 0 1 2 4 8
GROUP 48 21
2 0
2 0 1
2 0 1 2
3 0 1 2 4
2 0 1 2 4 16
GROUP 48 22
2 0
2 0 1
2 0 1 2
3 0 1 2 4
2 1 1 2 4 16
GROUP 48 23
2 0
2 0 1
2 0 1 2
3 0 1 2 4
2 0 1 2 5 16
GROUP 48 24
2 0
2 0 1
2 0 1 2
3 0 1 2 4
2 2 1 2 5 16
GROUP 48 25
2 0
2 0 1
2 0 1 2
3 0 1 4 6
2 0 1 2 6 16
GROUP 48 26
2 0
2 0 1
2 0 1 2
3 0 1 4 6
2 1 1 2 6 16
GROUP 48 27
2 0
2 0 1
2 1 1 2
3 0 1 2 4
2 0 1 2 4 16
GROUP 48 28
2 0
2 0 1
2 1 1 2
3 0 1 2 4
2 2 1 2 4 16
GROUP 48 29
2 0
2 0 1
2 1 1 2
3 0 1 2 4
2 4 1 2 4 16
GROUP 48 30
2 0
2 0 1
2 1 1 2
3 0 1 2 4
2 0 1 2 5 16
GROUP 48 31
2 0
2 0 1
2 1 1 2
3 0 1 2 4
2 1 1 2 5 16
GROUP 48 32
2 0
2 0 1
2 1 1 2
3 0 1 2 4
2 2 1 2 5 16
GROUP 48 33
2 0
2 0 1
2 1 1 2
3 0 1 2 4
2 0 1 2 6 16
GROUP 48 34
2 0
2 0 1
2 1 1 2
3 0 1 2 4
2 1 1 2 6 16
GROUP 48 35
2 0
2 0 1
2 1 1 2
3 0 1 2 4
2 0 1 3 4 16
GROUP 48 36
2 0
2 0 1
2 1 1 2
3 0 1 2 4
2 4 1 3 4 16
GROUP 48 37
2 0
2 0 1
2 0 1 3
3 0 1 2 4
2 0 1 2 4 16
GROUP 48 38
2 0
2 0 1
2 0 1 3
3 0 1 2 4
2 1 1 2 4 16
GROUP 48 39
2 0
2 0 1
2 0 1 3
3 0 1 2 4
2 0 1 4 2 16
GROUP 48 40
2 0
2 0 1
2 0 1 3
3 0 1 2 4
2 1 1 4 2 16
GROUP 48 41
2 0
2 1 1
2 2 1 2
3 0 1 2 4
2 0 1 2 4 16
GROUP 48 42
2 0
2 1 1
2 2 1 2
3 0 1 2 4
2 4 1 2 4 16
GROUP 48 43
2 0
2 1 1
2 2 1 2
3 0 1 2 4
2 0 1 2 5 16
GROUP 48 44
2 0
2 1 1
2 2 1 2
3 0 1 2 4
2 0 1 3 6 16
GROUP 48 45
2 0
2 1 1
2 2 1 2
3 0 1 2 4
2 0 1 3 7 16
GROUP 48 46
2 0
2 1 1
2 2 1 2
3 0 1 2 4
2 1 1 3 7 16
GROUP 48 47
2 0
2 1 1
2 1 1 3
3 0 1 2 4
2 0 1 2 4 16
GROUP 48 48
2 0
2 1 1
2 1 1 3
3 0 1 2 4
2 1 1 2 4 16
GROUP 48 49
2 0
2 1 1
2 1 1 3
3 0 1 2 4
2 2 1 2 6 16
GROUP 48 50
2 0
2 1 1
2 1 1 3
3 0 1 2 4
2 3 1 2 6 16
GROUP 48 51
2 0
2 1 1
2 1 1 3
3 0 1 4 6
2 2 1 2 6 19
GROUP 48 52
2 0
2 1 1
2 1 1 3
3 0 1 4 6
2 3 1 2 6 19
