GROUP 54 1
2 0
3 0 1
3 0 1 2
3 0 1 2 6
GROUP 54 2
2 0
3 0 1
3 0 1 2
3 2 1 2 6
GROUP 54 3
2 0
3 0 1
3 0 1 2
3 0 1 2 8
GROUP 54 4
2 0
3 0 1
3 0 1 2
3 2 1 2 8
GROUP 54 5
2 0
3 0 1
3 2 1 2
3 6 1 2 6
GROUP 54 6
3 0
2 0 2
3 0 1 3
3 0 1 3 6
GROUP 54 7
3 0
2 0 2
3 0 1 3
3 6 1 3 6
GROUP 54 8
3 0
3 0 1
2 0 2 6
3 0 1 3 9
GROUP 54 9
3 0
3 0 1
2 0 2 6
3 0 1 4 9
GROUP 54 10
3 0
3 1 1
2 0 2 8
3 0 1 3 9
GROUP 54 11
3 0
3 1 1
2 0 2 8
3 0 1 4 9
GROUP 54 12
3 0
3 0 1
3 0 1 3
2 0 2 6 18
GROUP 54 13
3 0
3 0 1
3 1 1 3
2 0 2 6 20
GROUP 54 14
3 0
3 0 1
3 0 1 4
2 0 1 6 18
GROUP 54 15
3 0
3 1 1
3 3 1 3
2 0 2 8 26
