GROUP 56 1
2 0
2 0 1
2 0 1 2
7 0 1 2 4
GROUP 56 2
2 0
2 0 1
2 0 1 2
7 0 2 4 3
GROUP 56 3
2 0
2 0 1
2 1 1 2
7 0 1 2 4
GROUP 56 4
2 0
2 0 1
2 0 1 3
7 0 1 2 4
GROUP 56 5
2 0
2 1 1
2 2 1 2
7 0 1 2 4
GROUP 56 6
2 0
2 1 1
2 1 1 3
7 0 1 2 4
GROUP 56 7
2 0
2 0 1
7 0 1 2
2 0 1 2 24
GROUP 56 8
2 0
2 0 1
7 0 1 2
2 1 1 2 24
GROUP 56 9
2 0
2 0 1
7 0 1 2
2 0 1 3 24
GROUP 56 10
2 0
2 1 1
7 0 1 2
2 0 1 2 24
GROUP 56 11
2 0
2 1 1
7 0 1 2
2 2 1 2 24
GROUP 56 12
2 0
2 1 1
7 0 1 2
2 0 1 3 24
GROUP 56 13
2 0
2 1 1
7 0 1 2
2 1 1 3 24
