GROUP 64 1
2 0
2 0 1
2 0 1 2
2 0 1 2 4
2 0 1 2 4 8
2 0 1 2 4 8 16
GROUP 64 2
2 0
2 0 1
2 0 1 2
2 0 1 2 4
2 0 1 2 4 8
2 1 1 2 4 8 16
GROUP 64 3
2 0
2 0 1
2 0 1 2
2 0 1 2 4
2 0 1 2 4 8
2 0 1 2 4 8 17
GROUP 64 4
2 0
2 0 1
2 0 1 2
2 0 1 2 4
2 0 1 2 4 8
2 2 1 2 4 8 17
GROUP 64 5
2 0
2 0 1
2 0 1 2
2 0 1 2 4
2 0 1 2 4 8
2 0 1 2 4 9 18
GROUP 64 6
2 0
2 0 1
2 0 1 2
2 0 1 2 4
2 0 1 2 4 8
2 4 1 2 4 9 18
GROUP 64 7
2 0
2 0 1
2 0 1 2
2 0 1 2 4
2 1 1 2 4 8
2 2 1 2 4 8 16
GROUP 64 8
2 0
2 0 1
2 0 1 2
2 0 1 2 4
2 1 1 2 4 8
2 16 1 2 4 8 16
GROUP 64 9
2 0
2 0 1
2 0 1 2
2 0 1 2 4
2 1 1 2 4 8
2 1 1 2 4 8 17
GROUP 64 10
2 0
2 0 1
2 0 1 2
2 0 1 2 4
2 1 1 2 4 8
2 2 1 2 4 8 17
GROUP 64 11
2 0
2 0 1
2 0 1 2
2 0 1 2 4
2 1 1 2 4 8
2 4 1 2 4 8 18
GROUP 64 12
2 0
2 0 1
2 0 1 2
2 0 1 2 4
2 1 1 2 4 8
2 0 1 2 4 9 16
GROUP 64 13
2 0
2 0 1
2 0 1 2
2 0 1 2 4
2 1 1 2 4 8
2 2 1 2 4 9 16
GROUP 64 14
2 0
2 0 1
2 0 1 2
2 0 1 2 4
2 1 1 2 4 8
2 16 1 2 4 9 16
GROUP 64 15
2 0
2 0 1
2 0 1 2
2 0 1 2 4
2 1 1 2 4 8
2 0 1 2 4 9 18
GROUP 64 16
2 0
2 0 1
2 0 1 2
2 0 1 2 4
2 1 1 2 4 8
2 4 1 2 4 9 18
GROUP 64 17
2 0
2 0 1
2 0 1 2
2 0 1 2 4
2 1 1 2 4 8
2 0 1 2 4 10 16
GROUP 64 18
2 0
2 0 1
2 0 1 2
2 0 1 2 4
2 1 1 2 4 8
2 4 1 2 4 10 16
GROUP 64 19
2 0
2 0 1
2 0 1 2
2 0 1 2 4
2 1 1 2 4 8
2 16 1 2 4 10 16
GROUP 64 20
2 0
2 0 1
2 0 1 2
2 0 1 2 4
2 1 1 2 4 8
2 0 1 2 4 10 17
GROUP 64 21
2 0
2 0 1
2 0 1 2
2 0 1 2 4
2 1 1 2 4 8
2 1 1 2 4 10 17
GROUP 64 22
2 0
2 0 1
2 0 1 2
2 0 1 2 4
2 1 1 2 4 8
2 4 1 2 4 10 17
GROUP 64 23
2 0
2 0 1
2 0 1 2
2 0 1 2 4
2 1 1 2 4 8
2 0 1 2 4 10 20
GROUP 64 24
2 0
2 0 1
2 0 1 2
2 0 1 2 4
2 1 1 2 4 8
2 1 1 2 4 10 20
GROUP 64 25
2 0
2 0 1
2 0 1 2
2 0 1 2 4
2 1 1 2 4 8
2 0 1 2 5 10 16
GROUP 64 26
2 0
2 0 1
2 0 1 2
2 0 1 2 4
2 1 1 2 4 8
2 16 1 2 5 10 16
GROUP 64 27
2 0
2 0 1
2 0 1 2
2 0 1 2 4
2 0 1 2 4 9
2 2 1 2 4 10 18
GROUP 64 28
2 0
2 0 1
2 0 1 2
2 0 1 2 4
2 0 1 2 4 9
2 3 1 2 4 10 18
GROUP 64 29
2 0
2 0 1
2 0 1 2
2 0 1 2 4
2 0 1 2 4 9
2 4 1 2 4 10 18
GROUP 64 30
2 0
2 0 1
2 0 1 2
2 0 1 2 4
2 0 1 2 4 9
2 0 1 2 4 10 20
GROUP 64 31
2 0
2 0 1
2 0 1 2
2 0 1 2 4
2 0 1 2 4 9
2 1 1 2 4 10 20
GROUP 64 32
2 0
2 0 1
2 0 1 2
2 0 1 2 4
2 0 1 2 4 9
2 0 1 2 4 16 8
GROUP 64 33
2 0
2 0 1
2 0 1 2
2 0 1 2 4
2 0 1 2 4 9
2 1 1 2 4 16 8
GROUP 64 34
2 0
2 0 1
2 0 1 2
2 0 1 2 4
2 0 1 2 4 9
2 2 1 2 4 16 8
GROUP 64 35
2 0
2 0 1
2 0 1 2
2 0 1 2 4
2 0 1 2 4 9
2 0 1 2 5 8 16
GROUP 64 36
2 0
2 0 1
2 0 1 2
2 0 1 2 4
2 0 1 2 4 9
2 2 1 2 5 8 16
GROUP 64 37
2 0
2 0 1
2 0 1 2
2 0 1 2 4
2 0 1 2 4 9
2 0 1 2 5 8 18
GROUP 64 38
2 0
2 0 1
2 0 1 2
2 0 1 2 4
2 0 1 2 4 9
2 8 1 2 5 8 20
GROUP 64 39
2 0
2 0 1
2 0 1 2
2 0 1 2 4
2 0 1 2 4 9
2 0 1 2 5 10 18
GROUP 64 40
2 0
2 0 1
2 0 1 2
2 0 1 2 4
2 0 1 2 4 9
2 24 1 2 5 12 20
GROUP 64 41
2 0
2 0 1
2 0 1 2
2 0 1 2 4
2 0 1 2 4 9
2 0 1 2 5 16 8
GROUP 64 42
2 0
2 0 1
2 0 1 2
2 0 1 2 4
2 0 1 2 4 9
2 2 1 2 5 16 8
GROUP 64 43
2 0
2 0 1
2 0 1 2
2 0 1 2 4
2 0 1 2 4 9
2 0 1 2 6 8 16
GROUP 64 44
2 0
2 0 1
2 0 1 2
2 0 1 2 4
2 0 1 2 4 9
2 1 1 2 6 8 16
GROUP 64 45
2 0
2 0 1
2 0 1 2
2 0 1 2 4
2 0 1 2 4 9
2 0 1 2 6 16 8
GROUP 64 46
2 0
2 0 1
2 0 1 2
2 0 1 2 4
2 0 1 2 4 9
2 1 1 2 6 16 8
GROUP 64 47
2 0
2 0 1
2 0 1 2
2 0 1 2 4
2 2 1 2 4 9
2 3 1 2 4 10 16
GROUP 64 48
2 0
2 0 1
2 0 1 2
2 0 1 2 4
2 2 1 2 4 9
2 4 1 2 4 10 16
GROUP 64 49
2 0
2 0 1
2 0 1 2
2 0 1 2 4
2 2 1 2 4 9
2 1 1 2 4 10 20
GROUP 64 50
2 0
2 0 1
2 0 1 2
2 0 1 2 4
2 2 1 2 4 9
2 2 1 2 4 12 18
GROUP 64 51
2 0
2 0 1
2 0 1 2
2 0 1 2 4
2 2 1 2 4 9
2 3 1 2 4 12 18
GROUP 64 52
2 0
2 0 1
2 0 1 2
2 0 1 2 4
2 2 1 2 4 9
2 6 1 2 4 12 18
GROUP 64 53
2 0
2 0 1
2 0 1 2
2 0 1 2 4
2 2 1 2 4 9
2 2 1 2 5 8 18
GROUP 64 54
2 0
2 0 1
2 0 1 2
2 0 1 2 4
2 2 1 2 4 9
2 8 1 2 5 8 20
GROUP 64 55
2 0
2 0 1
2 0 1 2
2 0 1 2 4
2 2 1 2 4 9
2 0 1 2 5 10 16
GROUP 64 56
2 0
2 0 1
2 0 1 2
2 0 1 2 4
2 2 1 2 4 9
2 16 1 2 5 12 16
GROUP 64 57
2 0
2 0 1
2 0 1 2
2 0 1 2 4
2 2 1 2 4 9
2 1 1 2 6 8 16
GROUP 64 58
2 0
2 0 1
2 0 1 2
2 0 1 2 4
2 0 1 2 5 10
2 0 1 2 6 11 16
GROUP 64 59
2 0
2 0 1
2 0 1 2
2 0 1 2 4
2 0 1 2 5 10
2 1 1 2 6 11 16
GROUP 64 60
2 0
2 0 1
2 0 1 2
2 0 1 2 4
2 0 1 2 5 10
2 0 1 3 4 12 16
GROUP 64 61
2 0
2 0 1
2 0 1 2
2 0 1 2 4
2 0 1 2 5 10
2 16 1 3 6 12 16
GROUP 64 62
2 0
2 0 1
2 0 1 2
2 1 1 2 4
2 2 1 2 4 8
2 4 1 2 4 8 16
GROUP 64 63
2 0
2 0 1
2 0 1 2
2 1 1 2 4
2 2 1 2 4 8
2 8 1 2 4 8 16
GROUP 64 64
2 0
2 0 1
2 0 1 2
2 1 1 2 4
2 2 1 2 4 8
2 4 1 2 4 8 17
GROUP 64 65
2 0
2 0 1
2 0 1 2
2 1 1 2 4
2 2 1 2 4 8
2 8 1 2 4 8 17
GROUP 64 66
2 0
2 0 1
2 0 1 2
2 1 1 2 4
2 2 1 2 4 8
2 2 1 2 4 8 18
GROUP 64 67
2 0
2 0 1
2 0 1 2
2 1 1 2 4
2 2 1 2 4 8
2 4 1 2 4 8 18
GROUP 64 68
2 0
2 0 1
2 0 1 2
2 1 1 2 4
2 2 1 2 4 8
2 8 1 2 4 8 18
GROUP 64 69
2 0
2 0 1
2 0 1 2
2 1 1 2 4
2 2 1 2 4 8
2 8 1 2 4 8 20
GROUP 64 70
2 0
2 0 1
2 0 1 2
2 1 1 2 4
2 2 1 2 4 8
2 1 1 2 4 9 18
GROUP 64 71
2 0
2 0 1
2 0 1 2
2 1 1 2 4
2 2 1 2 4 8
2 4 1 2 4 9 18
GROUP 64 72
2 0
2 0 1
2 0 1 2
2 1 1 2 4
2 2 1 2 4 8
2 2 1 2 4 9 19
GROUP 64 73
2 0
2 0 1
2 0 1 2
2 1 1 2 4
2 2 1 2 4 8
2 4 1 2 4 9 19
GROUP 64 74
2 0
2 0 1
2 0 1 2
2 1 1 2 4
2 2 1 2 4 8
2 1 1 2 4 9 20
GROUP 64 75
2 0
2 0 1
2 0 1 2
2 1 1 2 4
2 2 1 2 4 8
2 2 1 2 4 9 20
GROUP 64 76
2 0
2 0 1
2 0 1 2
2 1 1 2 4
2 2 1 2 4 8
2 4 1 2 4 10 19
GROUP 64 77
2 0
2 0 1
2 0 1 2
2 1 1 2 4
2 2 1 2 4 8
2 1 1 2 4 10 20
GROUP 64 78
2 0
2 0 1
2 0 1 2
2 1 1 2 4
2 2 1 2 4 8
2 0 1 2 5 8 16
GROUP 64 79
2 0
2 0 1
2 0 1 2
2 1 1 2 4
2 2 1 2 4 8
2 8 1 2 5 8 16
GROUP 64 80
2 0
2 0 1
2 0 1 2
2 1 1 2 4
2 2 1 2 4 8
2 16 1 2 5 8 16
GROUP 64 81
2 0
2 0 1
2 0 1 2
2 1 1 2 4
2 2 1 2 4 8
2 0 1 2 5 8 18
GROUP 64 82
2 0
2 0 1
2 0 1 2
2 1 1 2 4
2 2 1 2 4 8
2 2 1 2 5 8 18
GROUP 64 83
2 0
2 0 1
2 0 1 2
2 1 1 2 4
2 2 1 2 4 8
2 8 1 2 5 8 18
GROUP 64 84
2 0
2 0 1
2 0 1 2
2 1 1 2 4
2 2 1 2 4 8
2 0 1 2 5 10 16
GROUP 64 85
2 0
2 0 1
2 0 1 2
2 1 1 2 4
2 2 1 2 4 8
2 16 1 2 5 10 16
GROUP 64 86
2 0
2 0 1
2 0 1 2
2 1 1 2 4
2 2 1 2 4 8
2 0 1 3 4 8 26
GROUP 64 87
2 0
2 0 1
2 0 1 2
2 1 1 2 4
2 2 1 2 4 8
2 4 1 3 4 8 26
GROUP 64 88
2 0
2 0 1
2 0 1 2
2 1 1 2 4
2 8 1 2 4 8
2 16 1 2 4 8 16
GROUP 64 89
2 0
2 0 1
2 0 1 2
2 1 1 2 4
2 8 1 2 4 8
2 2 1 2 4 9 24
GROUP 64 90
2 0
2 0 1
2 0 1 2
2 1 1 2 4
2 8 1 2 4 8
2 1 1 2 4 9 25
GROUP 64 91
2 0
2 0 1
2 0 1 2
2 1 1 2 4
2 8 1 2 4 8
2 2 1 2 4 9 25
GROUP 64 92
2 0
2 0 1
2 0 1 2
2 1 1 2 4
2 8 1 2 4 8
2 1 1 2 4 9 26
GROUP 64 93
2 0
2 0 1
2 0 1 2
2 1 1 2 4
2 8 1 2 4 8
2 4 1 2 4 9 26
GROUP 64 94
2 0
2 0 1
2 0 1 2
2 1 1 2 4
2 8 1 2 4 8
2 0 1 2 5 8 16
GROUP 64 95
2 0
2 0 1
2 0 1 2
2 1 1 2 4
2 8 1 2 4 8
2 2 1 2 5 8 16
GROUP 64 96
2 0
2 0 1
2 0 1 2
2 1 1 2 4
2 8 1 2 4 8
2 16 1 2 5 8 16
GROUP 64 97
2 0
2 0 1
2 0 1 2
2 1 1 2 4
2 8 1 2 4 8
2 0 1 2 5 8 18
GROUP 64 98
2 0
2 0 1
2 0 1 2
2 1 1 2 4
2 8 1 2 4 8
2 2 1 2 5 8 18
GROUP 64 99
2 0
2 0 1
2 0 1 2
2 1 1 2 4
2 8 1 2 4 8
2 0 1 2 5 9 24
GROUP 64 100
2 0
2 0 1
2 0 1 2
2 1 1 2 4
2 8 1 2 4 8
2 2 1 2 5 9 24
GROUP 64 101
2 0
2 0 1
2 0 1 2
2 1 1 2 4
2 8 1 2 4 8
2 12 1 2 5 9 24
GROUP 64 102
2 0
2 0 1
2 0 1 2
2 1 1 2 4
2 8 1 2 4 8
2 0 1 2 5 9 26
GROUP 64 103
2 0
2 0 1
2 0 1 2
2 1 1 2 4
2 8 1 2 4 8
2 12 1 2 5 9 26
GROUP 64 104
2 0
2 0 1
2 0 1 2
2 1 1 2 4
2 8 1 2 4 8
2 0 1 2 6 8 16
GROUP 64 105
2 0
2 0 1
2 0 1 2
2 1 1 2 4
2 8 1 2 4 8
2 16 1 2 6 8 16
GROUP 64 106
2 0
2 0 1
2 0 1 2
2 1 1 2 4
2 8 1 2 4 8
2 0 1 2 6 8 17
GROUP 64 107
2 0
2 0 1
2 0 1 2
2 1 1 2 4
2 8 1 2 4 8
2 0 1 2 6 9 24
GROUP 64 108
2 0
2 0 1
2 0 1 2
2 1 1 2 4
2 8 1 2 4 8
2 0 1 2 6 9 25
GROUP 64 109
2 0
2 0 1
2 0 1 2
2 1 1 2 4
2 8 1 2 4 8
2 1 1 2 6 9 25
GROUP 64 110
2 0
2 0 1
2 0 1 2
2 1 1 2 4
2 1 1 2 4 9
2 1 1 2 4 10 20
GROUP 64 111
2 0
2 0 1
2 0 1 2
2 1 1 2 4
2 1 1 2 4 9
2 0 1 2 5 8 16
GROUP 64 112
2 0
2 0 1
2 0 1 2
2 1 1 2 4
2 1 1 2 4 9
2 2 1 2 5 8 16
GROUP 64 113
2 0
2 0 1
2 0 1 2
2 1 1 2 4
2 1 1 2 4 9
2 0 1 2 5 8 18
GROUP 64 114
2 0
2 0 1
2 0 1 2
2 1 1 2 4
2 1 1 2 4 9
2 8 1 2 5 8 20
GROUP 64 115
2 0
2 0 1
2 0 1 2
2 1 1 2 4
2 1 1 2 4 9
2 8 1 2 5 8 24
GROUP 64 116
2 0
2 0 1
2 0 1 2
2 1 1 2 4
2 1 1 2 4 9
2 10 1 2 5 8 24
GROUP 64 117
2 0
2 0 1
2 0 1 2
2 1 1 2 4
2 1 1 2 4 9
2 0 1 2 6 8 16
GROUP 64 118
2 0
2 0 1
2 0 1 2
2 1 1 2 4
2 1 1 2 4 9
2 1 1 2 6 8 16
GROUP 64 119
2 0
2 0 1
2 0 1 2
2 1 1 2 4
2 1 1 2 4 9
2 8 1 2 6 8 24
GROUP 64 120
2 0
2 0 1
2 0 1 2
2 1 1 2 4
2 1 1 2 4 9
2 9 1 2 6 8 24
GROUP 64 121
2 0
2 0 1
2 0 1 2
2 1 1 2 4
2 2 1 2 4 9
2 1 1 2 4 10 20
GROUP 64 122
2 0
2 0 1
2 0 1 2
2 1 1 2 4
2 2 1 2 4 9
2 5 1 2 4 10 20
GROUP 64 123
2 0
2 0 1
2 0 1 2
2 1 1 2 4
2 2 1 2 4 9
2 0 1 2 5 8 16
GROUP 64 124
2 0
2 0 1
2 0 1 2
2 1 1 2 4
2 2 1 2 4 9
2 0 1 2 5 8 18
GROUP 64 125
2 0
2 0 1
2 0 1 2
2 1 1 2 4
2 2 1 2 4 9
2 2 1 2 5 8 18
GROUP 64 126
2 0
2 0 1
2 0 1 2
2 1 1 2 4
2 2 1 2 4 9
2 8 1 2 5 8 20
GROUP 64 127
2 0
2 0 1
2 0 1 2
2 1 1 2 4
2 2 1 2 4 9
2 8 1 2 5 8 24
GROUP 64 128
2 0
2 0 1
2 0 1 2
2 1 1 2 4
2 2 1 2 4 9
2 10 1 2 5 8 24
GROUP 64 129
2 0
2 0 1
2 0 1 2
2 1 1 2 4
2 2 1 2 4 9
2 0 1 2 5 10 16
GROUP 64 130
2 0
2 0 1
2 0 1 2
2 1 1 2 4
2 2 1 2 4 9
2 16 1 2 5 12 16
GROUP 64 131
2 0
2 0 1
2 0 1 2
2 1 1 2 4
2 2 1 2 4 9
2 0 1 2 6 8 16
GROUP 64 132
2 0
2 0 1
2 0 1 2
2 1 1 2 4
2 2 1 2 4 9
2 1 1 2 6 8 16
GROUP 64 133
2 0
2 0 1
2 0 1 2
2 1 1 2 4
2 2 1 2 4 9
2 8 1 2 6 8 24
GROUP 64 134
2 0
2 0 1
2 0 1 2
2 1 1 2 4
2 2 1 2 4 9
2 9 1 2 6 8 24
GROUP 64 135
2 0
2 0 1
2 0 1 2
2 1 1 2 4
2 2 1 2 4 9
2 0 1 2 7 8 16
GROUP 64 136
2 0
2 0 1
2 0 1 2
2 1 1 2 4
2 2 1 2 4 9
2 1 1 2 7 8 16
GROUP 64 137
2 0
2 0 1
2 0 1 2
2 1 1 2 4
2 2 1 2 4 9
2 8 1 2 7 8 24
GROUP 64 138
2 0
2 0 1
2 0 1 2
2 1 1 2 4
2 2 1 2 4 9
2 9 1 2 7 8 24
GROUP 64 139
2 0
2 0 1
2 0 1 2
2 1 1 2 4
2 4 1 2 4 10
2 3 1 2 4 12 21
GROUP 64 140
2 0
2 0 1
2 0 1 2
2 1 1 2 4
2 4 1 2 4 10
2 8 1 2 7 8 28
GROUP 64 141
2 0
2 0 1
2 0 1 2
2 1 1 2 4
2 4 1 2 4 10
2 9 1 2 7 8 28
GROUP 64 142
2 0
2 0 1
2 0 1 2
2 1 1 2 4
2 0 1 2 5 8
2 1 1 2 6 10 18
GROUP 64 143
2 0
2 0 1
2 0 1 2
2 1 1 2 4
2 0 1 2 5 8
2 12 1 2 6 10 28
GROUP 64 144
2 0
2 0 1
2 0 1 2
2 1 1 2 4
2 0 1 2 5 8
2 13 1 2 6 10 28
GROUP 64 145
2 0
2 0 1
2 0 1 2
2 1 1 2 4
2 0 1 2 5 8
2 0 1 3 4 8 16
GROUP 64 146
2 0
2 0 1
2 0 1 2
2 1 1 2 4
2 0 1 2 5 8
2 8 1 3 4 8 16
GROUP 64 147
2 0
2 0 1
2 0 1 2
2 1 1 2 4
2 0 1 2 5 8
2 4 1 3 4 8 18
GROUP 64 148
2 0
2 0 1
2 0 1 2
2 1 1 2 4
2 0 1 2 5 8
2 12 1 3 4 8 18
GROUP 64 149
2 0
2 0 1
2 0 1 2
2 1 1 2 4
2 0 1 2 5 8
2 4 1 3 4 8 28
GROUP 64 150
2 0
2 0 1
2 0 1 2
2 1 1 2 4
2 0 1 2 5 8
2 12 1 3 4 8 28
GROUP 64 151
2 0
2 0 1
2 0 1 2
2 1 1 2 4
2 2 1 2 5 8
2 8 1 2 6 8 16
GROUP 64 152
2 0
2 0 1
2 0 1 2
2 1 1 2 4
2 2 1 2 5 8
2 0 1 2 6 9 16
GROUP 64 153
2 0
2 0 1
2 0 1 2
2 1 1 2 4
2 2 1 2 5 8
2 2 1 2 6 9 16
GROUP 64 154
2 0
2 0 1
2 0 1 2
2 1 1 2 4
2 2 1 2 5 8
2 3 1 2 6 9 16
GROUP 64 155
2 0
2 0 1
2 0 1 2
2 1 1 2 4
2 2 1 2 5 8
2 1 1 2 6 10 16
GROUP 64 156
2 0
2 0 1
2 0 1 2
2 1 1 2 4
2 2 1 2 5 8
2 1 1 2 6 10 18
GROUP 64 157
2 0
2 0 1
2 0 1 2
2 1 1 2 4
2 2 1 2 5 8
2 12 1 2 6 10 28
GROUP 64 158
2 0
2 0 1
2 0 1 2
2 1 1 2 4
2 2 1 2 5 8
2 13 1 2 6 10 28
GROUP 64 159
2 0
2 0 1
2 0 1 2
2 1 1 2 4
2 2 1 2 5 8
2 8 1 3 4 8 20
GROUP 64 160
2 0
2 0 1
2 0 1 2
2 1 1 2 4
2 2 1 2 5 8
2 4 1 3 4 8 24
GROUP 64 161
2 0
2 0 1
2 0 1 2
2 1 1 2 4
2 8 1 2 5 8
2 2 1 2 6 8 16
GROUP 64 162
2 0
2 0 1
2 0 1 2
2 1 1 2 4
2 8 1 2 5 8
2 0 1 2 6 9 24
GROUP 64 163
2 0
2 0 1
2 0 1 2
2 1 1 2 4
2 8 1 2 5 8
2 2 1 2 6 9 24
GROUP 64 164
2 0
2 0 1
2 0 1 2
2 1 1 2 4
2 8 1 2 5 8
2 3 1 2 6 9 24
GROUP 64 165
2 0
2 0 1
2 0 1 2
2 1 1 2 4
2 8 1 2 5 8
2 12 1 3 4 8 28
GROUP 64 166
2 0
2 0 1
2 0 1 2
2 1 1 2 4
2 8 1 2 5 8
2 14 1 3 4 9 26
GROUP 64 167
2 0
2 0 1
2 0 1 2
2 1 1 2 4
2 8 1 2 5 8
2 16 1 3 6 8 16
GROUP 64 168
2 0
2 0 1
2 0 1 2
2 1 1 2 4
2 0 1 2 5 10
2 1 1 2 6 10 16
GROUP 64 169
2 0
2 0 1
2 0 1 2
2 1 1 2 4
2 0 1 2 5 10
2 1 1 2 6 11 16
GROUP 64 170
2 0
2 0 1
2 0 1 2
2 1 1 2 4
2 0 1 2 5 10
2 2 1 2 6 11 16
GROUP 64 171
2 0
2 0 1
2 0 1 2
2 1 1 2 4
2 0 1 2 5 10
2 0 1 3 4 12 16
GROUP 64 172
2 0
2 0 1
2 0 1 2
2 1 1 2 4
2 0 1 2 5 10
2 16 1 3 6 12 16
GROUP 64 173
2 0
2 0 1
2 0 1 2
2 1 1 2 4
2 0 1 2 6 8
2 0 1 2 16 8 4
GROUP 64 174
2 0
2 0 1
2 0 1 2
2 1 1 2 4
2 0 1 2 6 8
2 2 1 2 16 8 4
GROUP 64 175
2 0
2 0 1
2 0 1 2
2 1 1 2 4
2 0 1 2 6 8
2 8 1 2 16 8 4
GROUP 64 176
2 0
2 0 1
2 0 1 2
2 1 1 2 4
2 0 1 2 6 8
2 0 1 2 16 9 4
GROUP 64 177
2 0
2 0 1
2 0 1 2
2 1 1 2 4
2 0 1 2 6 8
2 1 1 2 16 9 4
GROUP 64 178
2 0
2 0 1
2 0 1 2
2 1 1 2 4
2 0 1 2 6 8
2 2 1 2 16 9 4
GROUP 64 179
2 0
2 0 1
2 0 1 2
2 1 1 2 4
2 0 1 2 6 8
2 3 1 2 16 9 4
GROUP 64 180
2 0
2 0 1
2 0 1 2
2 1 1 2 4
2 0 1 2 6 8
2 0 1 2 16 10 4
GROUP 64 181
2 0
2 0 1
2 0 1 2
2 1 1 2 4
2 0 1 2 6 8
2 1 1 2 16 10 4
GROUP 64 182
2 0
2 0 1
2 0 1 2
2 1 1 2 4
2 0 1 2 6 8
2 0 1 2 16 11 4
GROUP 64 183
2 0
2 0 1
2 0 1 2
2 1 1 2 4
2 0 1 2 6 8
2 1 1 2 16 11 4
GROUP 64 184
2 0
2 0 1
2 0 1 2
2 0 1 2 5
2 2 1 2 6 10
2 1 1 2 8 4 16
GROUP 64 185
2 0
2 0 1
2 0 1 2
2 0 1 2 5
2 2 1 2 6 10
2 0 1 2 8 4 18
GROUP 64 186
2 0
2 0 1
2 0 1 2
2 0 1 2 5
2 2 1 2 6 10
2 1 1 2 8 4 18
GROUP 64 187
2 0
2 0 1
2 0 1 2
2 0 1 2 5
2 2 1 2 6 10
2 2 1 2 8 4 18
GROUP 64 188
2 0
2 0 1
2 0 1 2
2 0 1 2 5
2 2 1 2 6 10
2 0 1 2 8 4 19
GROUP 64 189
2 0
2 0 1
2 0 1 2
2 0 1 2 5
2 2 1 2 6 10
2 2 1 2 8 4 19
GROUP 64 190
2 0
2 0 1
2 0 1 2
2 0 1 2 5
2 2 1 2 6 10
2 16 1 2 8 6 16
GROUP 64 191
2 0
2 0 1
2 0 1 2
2 0 1 2 5
2 2 1 2 6 10
2 0 1 3 4 8 30
GROUP 64 192
2 0
2 0 1
2 0 1 2
2 0 1 2 5
2 2 1 2 6 10
2 4 1 3 4 10 30
GROUP 64 193
2 0
2 0 1
2 0 1 2
2 0 1 2 5
2 3 1 2 6 10
2 1 1 2 8 4 16
GROUP 64 194
2 0
2 0 1
2 0 1 2
2 0 1 2 5
2 3 1 2 6 10
2 0 1 2 8 4 18
GROUP 64 195
2 0
2 0 1
2 0 1 2
2 0 1 2 5
2 3 1 2 6 10
2 2 1 2 8 4 18
GROUP 64 196
2 0
2 0 1
2 0 1 2
2 0 1 2 5
2 3 1 2 6 10
2 1 1 2 8 4 19
GROUP 64 197
2 0
2 0 1
2 0 1 2
2 0 1 2 5
2 3 1 2 6 10
2 2 1 2 8 4 19
GROUP 64 198
2 0
2 0 1
2 0 1 2
2 0 1 2 5
2 3 1 2 6 10
2 16 1 2 8 6 16
GROUP 64 199
2 0
2 0 1
2 0 1 2
2 0 1 2 5
2 3 1 2 6 10
2 0 1 3 4 8 30
GROUP 64 200
2 0
2 0 1
2 0 1 2
2 0 1 2 5
2 3 1 2 6 10
2 4 1 3 4 10 30
GROUP 64 201
2 0
2 0 1
2 0 1 2
2 0 1 2 5
2 3 1 2 6 10
2 0 1 3 8 4 28
GROUP 64 202
2 0
2 0 1
2 0 1 2
2 0 1 2 5
2 3 1 2 6 10
2 22 1 3 8 6 28
GROUP 64 203
2 0
2 0 1
2 0 1 2
2 0 1 2 5
2 0 1 2 8 4
2 0 1 2 16 28 4
GROUP 64 204
2 0
2 0 1
2 0 1 2
2 0 1 2 5
2 0 1 2 8 4
2 1 1 2 16 28 4
GROUP 64 205
2 0
2 0 1
2 0 1 2
2 0 1 2 5
2 0 1 2 8 4
2 2 1 2 16 28 4
GROUP 64 206
2 0
2 0 1
2 0 1 2
2 0 1 2 5
2 0 1 2 8 4
2 0 1 3 4 8 16
GROUP 64 207
2 0
2 0 1
2 0 1 2
2 0 1 2 5
2 0 1 2 8 4
2 12 1 3 6 10 18
GROUP 64 208
2 0
2 0 1
2 0 1 2
2 0 1 2 5
2 0 1 2 8 4
2 0 1 3 16 28 4
GROUP 64 209
2 0
2 0 1
2 0 1 2
2 0 1 2 5
2 0 1 2 8 4
2 14 1 3 16 28 5
GROUP 64 210
2 0
2 0 1
2 0 1 2
2 0 1 2 5
2 1 1 2 8 4
2 0 1 3 4 8 16
GROUP 64 211
2 0
2 0 1
2 0 1 2
2 0 1 2 5
2 1 1 2 8 4
2 12 1 3 6 10 18
GROUP 64 212
2 0
2 0 1
2 1 1 2
2 2 1 2 4
2 4 1 2 4 8
2 8 1 2 4 8 16
GROUP 64 213
2 0
2 0 1
2 1 1 2
2 2 1 2 4
2 4 1 2 4 8
2 16 1 2 4 8 16
GROUP 64 214
2 0
2 0 1
2 1 1 2
2 2 1 2 4
2 4 1 2 4 8
2 8 1 2 4 8 17
GROUP 64 215
2 0
2 0 1
2 1 1 2
2 2 1 2 4
2 4 1 2 4 8
2 16 1 2 4 9 16
GROUP 64 216
2 0
2 0 1
2 1 1 2
2 2 1 2 4
2 4 1 2 4 8
2 2 1 2 4 10 16
GROUP 64 217
2 0
2 0 1
2 1 1 2
2 2 1 2 4
2 4 1 2 4 8
2 16 1 2 4 10 16
GROUP 64 218
2 0
2 0 1
2 1 1 2
2 2 1 2 4
2 4 1 2 4 8
2 2 1 2 4 10 17
GROUP 64 219
2 0
2 0 1
2 1 1 2
2 2 1 2 4
2 4 1 2 4 8
2 8 1 2 5 8 20
GROUP 64 220
2 0
2 0 1
2 1 1 2
2 2 1 2 4
2 4 1 2 4 8
2 1 1 2 5 8 21
GROUP 64 221
2 0
2 0 1
2 1 1 2
2 2 1 2 4
2 4 1 2 4 8
2 8 1 2 5 8 21
GROUP 64 222
2 0
2 0 1
2 1 1 2
2 2 1 2 4
2 4 1 2 4 8
2 2 1 2 5 10 20
GROUP 64 223
2 0
2 0 1
2 1 1 2
2 2 1 2 4
2 4 1 2 4 8
2 1 1 2 5 10 21
GROUP 64 224
2 0
2 0 1
2 1 1 2
2 2 1 2 4
2 4 1 2 4 8
2 2 1 2 5 10 21
GROUP 64 225
2 0
2 0 1
2 1 1 2
2 2 1 2 4
2 4 1 2 4 8
2 1 1 2 5 10 22
GROUP 64 226
2 0
2 0 1
2 1 1 2
2 2 1 2 4
2 4 1 2 4 8
2 2 1 2 5 11 20
GROUP 64 227
2 0
2 0 1
2 1 1 2
2 2 1 2 4
2 4 1 2 4 8
2 1 1 2 6 10 24
GROUP 64 228
2 0
2 0 1
2 1 1 2
2 2 1 2 4
2 4 1 2 4 8
2 0 1 3 4 14 16
GROUP 64 229
2 0
2 0 1
2 1 1 2
2 2 1 2 4
2 4 1 2 4 8
2 16 1 3 4 14 16
GROUP 64 230
2 0
2 0 1
2 1 1 2
2 2 1 2 4
2 4 1 2 4 9
2 3 1 2 5 8 20
GROUP 64 231
2 0
2 0 1
2 1 1 2
2 2 1 2 4
2 4 1 2 4 9
2 2 1 2 5 10 20
GROUP 64 232
2 0
2 0 1
2 1 1 2
2 2 1 2 4
2 4 1 2 4 9
2 1 1 2 5 10 22
GROUP 64 233
2 0
2 0 1
2 1 1 2
2 2 1 2 4
2 4 1 2 4 9
2 9 1 2 6 8 28
GROUP 64 234
2 0
2 0 1
2 1 1 2
2 2 1 2 4
2 4 1 2 4 9
2 16 1 3 4 12 16
GROUP 64 235
2 0
2 0 1
2 1 1 2
2 2 1 2 4
2 4 1 2 4 9
2 0 1 3 4 14 16
GROUP 64 236
2 0
2 0 1
2 1 1 2
2 2 1 2 4
2 2 1 2 4 10
2 1 1 2 5 8 16
GROUP 64 237
2 0
2 0 1
2 1 1 2
2 2 1 2 4
2 2 1 2 4 10
2 3 1 2 5 8 16
GROUP 64 238
2 0
2 0 1
2 1 1 2
2 2 1 2 4
2 2 1 2 4 10
2 9 1 2 5 8 24
GROUP 64 239
2 0
2 0 1
2 1 1 2
2 2 1 2 4
2 2 1 2 4 10
2 10 1 2 5 8 24
GROUP 64 240
2 0
2 0 1
2 1 1 2
2 2 1 2 4
2 2 1 2 4 10
2 11 1 2 5 8 24
GROUP 64 241
2 0
2 0 1
2 1 1 2
2 2 1 2 4
2 2 1 2 4 10
2 9 1 2 7 8 24
GROUP 64 242
2 0
2 0 1
2 1 1 2
2 2 1 2 4
2 4 1 2 4 10
2 8 1 2 5 8 28
GROUP 64 243
2 0
2 0 1
2 1 1 2
2 2 1 2 4
2 4 1 2 4 10
2 9 1 2 5 8 28
GROUP 64 244
2 0
2 0 1
2 1 1 2
2 2 1 2 4
2 1 1 2 5 10
2 0 1 3 4 14 16
GROUP 64 245
2 0
2 0 1
2 1 1 2
2 2 1 2 4
2 1 1 2 5 10
2 16 1 3 6 14 16
GROUP 64 246
2 0
2 0 1
2 1 1 2
2 2 1 2 4
2 2 1 2 5 11
2 1 1 2 6 9 16
GROUP 64 247
2 0
2 0 1
2 1 1 2
2 4 1 2 4
2 8 1 2 4 8
2 16 1 2 4 8 16
GROUP 64 248
2 0
2 0 1
2 1 1 2
2 4 1 2 4
2 8 1 2 4 8
2 2 1 2 5 13 28
GROUP 64 249
2 0
2 0 1
2 1 1 2
2 4 1 2 4
2 8 1 2 4 8
2 1 1 2 5 13 29
GROUP 64 250
2 0
2 0 1
2 1 1 2
2 4 1 2 4
2 8 1 2 4 8
2 2 1 2 5 13 29
GROUP 64 251
2 0
2 0 1
2 1 1 2
2 4 1 2 4
2 8 1 2 4 8
2 1 1 2 5 13 30
GROUP 64 252
2 0
2 0 1
2 1 1 2
2 4 1 2 4
2 8 1 2 4 8
2 0 1 3 4 8 16
GROUP 64 253
2 0
2 0 1
2 1 1 2
2 4 1 2 4
2 8 1 2 4 8
2 16 1 3 4 8 16
GROUP 64 254
2 0
2 0 1
2 1 1 2
2 4 1 2 4
2 8 1 2 4 8
2 0 1 3 4 9 22
GROUP 64 255
2 0
2 0 1
2 1 1 2
2 4 1 2 4
2 8 1 2 4 8
2 0 1 3 5 12 26
GROUP 64 256
2 0
2 0 1
2 1 1 2
2 4 1 2 4
2 8 1 2 4 8
2 0 1 3 5 13 28
GROUP 64 257
2 0
2 0 1
2 1 1 2
2 4 1 2 4
2 8 1 2 4 8
2 6 1 3 5 13 28
GROUP 64 258
2 0
2 0 1
2 1 1 2
2 4 1 2 4
2 2 1 2 5 12
2 8 1 3 4 8 24
GROUP 64 259
2 0
2 0 1
2 1 1 2
2 4 1 2 4
2 2 1 2 5 12
2 12 1 3 4 8 26
GROUP 64 260
2 0
2 0 1
2 1 1 2
2 4 1 2 4
2 1 1 2 5 13
2 0 1 3 4 8 16
GROUP 64 261
2 0
2 0 1
2 1 1 2
2 4 1 2 4
2 1 1 2 5 13
2 4 1 3 4 8 18
GROUP 64 262
2 0
2 0 1
2 1 1 2
2 4 1 2 4
2 1 1 2 5 13
2 12 1 3 4 8 24
GROUP 64 263
2 0
2 0 1
2 1 1 2
2 4 1 2 4
2 1 1 2 5 13
2 8 1 3 4 8 26
GROUP 64 264
2 0
2 0 1
2 0 1 3
2 0 1 4 2
2 0 1 8 14 2
2 0 1 16 22 26 2
GROUP 64 265
2 0
2 0 1
2 0 1 3
2 0 1 4 2
2 0 1 8 14 2
2 1 1 16 22 26 2
GROUP 64 266
2 0
2 1 1
2 2 1 2
2 4 1 2 4
2 8 1 2 4 8
2 16 1 2 4 8 16
GROUP 64 267
2 0
2 1 1
2 2 1 2
2 4 1 2 4
2 8 1 2 4 8
2 1 1 3 7 15 31
