GROUP 72 1
2 0
2 0 1
2 0 1 2
3 0 1 2 4
3 0 1 2 4 8
GROUP 72 2
2 0
2 0 1
2 0 1 2
3 0 1 2 4
3 8 1 2 4 8
GROUP 72 3
2 0
2 0 1
2 0 1 2
3 0 1 2 4
3 0 1 4 6 8
GROUP 72 4
2 0
2 0 1
2 0 1 2
3 0 1 2 4
3 8 1 4 6 8
GROUP 72 5
2 0
2 0 1
2 1 1 2
3 0 1 2 4
3 0 1 2 4 8
GROUP 72 6
2 0
2 0 1
2 1 1 2
3 0 1 2 4
3 8 1 2 4 8
GROUP 72 7
2 0
2 0 1
2 0 1 3
3 0 1 2 4
3 0 1 2 4 8
GROUP 72 8
2 0
2 0 1
2 0 1 3
3 0 1 2 4
3 8 1 2 4 8
GROUP 72 9
2 0
2 1 1
2 2 1 2
3 0 1 2 4
3 0 1 2 4 8
GROUP 72 10
2 0
2 1 1
2 2 1 2
3 0 1 2 4
3 8 1 2 4 8
GROUP 72 11
2 0
2 1 1
2 1 1 3
3 0 1 2 4
3 0 1 2 4 8
GROUP 72 12
2 0
2 1 1
2 1 1 3
3 0 1 2 4
3 8 1 2 4 8
GROUP 72 13
2 0
2 1 1
2 1 1 3
3 0 1 2 4
3 0 1 4 6 8
GROUP 72 14
2 0
2 1 1
2 1 1 3
3 0 1 2 4
3 8 1 4 6 8
GROUP 72 15
2 0
2 0 1
3 0 1 2
2 0 1 2 8
3 0 1 2 4 12
GROUP 72 16
2 0
2 0 1
3 0 1 2
2 0 1 2 8
3 0 2 3 4 12
GROUP 72 17
2 0
2 0 1
3 0 1 2
2 1 1 2 8
3 0 1 2 4 12
GROUP 72 18
2 0
2 0 1
3 0 1 2
2 0 1 3 8
3 0 1 2 4 12
GROUP 72 19
2 0
2 0 1
3 0 2 3
2 0 1 3 8
3 0 1 2 4 12
GROUP 72 20
2 0
2 1 1
3 0 1 2
2 0 1 2 8
3 0 1 2 4 12
GROUP 72 21
2 0
2 1 1
3 0 1 2
2 2 1 2 8
3 0 1 2 4 12
GROUP 72 22
2 0
2 1 1
3 0 1 2
2 0 1 3 8
3 0 1 2 4 12
GROUP 72 23
2 0
2 1 1
3 0 1 2
2 1 1 3 8
3 0 1 2 4 12
GROUP 72 24
2 0
2 0 1
3 0 1 2
3 0 1 2 4
2 0 1 2 8 24
GROUP 72 25
2 0
2 0 1
3 0 1 2
3 0 1 2 4
2 1 1 2 8 24
GROUP 72 26
2 0
2 0 1
3 0 1 2
3 0 1 2 4
2 0 1 3 8 24
GROUP 72 27
2 0
2 0 1
3 0 1 2
3 4 1 2 4
2 0 1 2 8 32
GROUP 72 28
2 0
2 0 1
3 0 1 2
3 4 1 2 4
2 1 1 2 8 32
GROUP 72 29
2 0
2 0 1
3 0 1 2
3 4 1 2 4
2 0 1 3 8 32
GROUP 72 30
2 0
2 0 1
3 0 1 2
3 0 2 3 4
2 0 1 3 8 24
GROUP 72 31
2 0
2 0 1
3 0 1 2
3 4 2 3 4
2 0 1 3 8 32
GROUP 72 32
2 0
2 1 1
3 0 1 2
3 0 1 2 4
2 0 1 2 8 24
GROUP 72 33
2 0
2 1 1
3 0 1 2
3 0 1 2 4
2 2 1 2 8 24
GROUP 72 34
2 0
2 1 1
3 0 1 2
3 0 1 2 4
2 0 1 3 8 24
GROUP 72 35
2 0
2 1 1
3 0 1 2
3 0 1 2 4
2 1 1 3 8 24
GROUP 72 36
2 0
2 1 1
3 0 1 2
3 4 1 2 4
2 0 1 2 8 32
GROUP 72 37
2 0
2 1 1
3 0 1 2
3 4 1 2 4
2 2 1 2 8 32
GROUP 72 38
2 0
2 1 1
3 0 1 2
3 4 1 2 4
2 0 1 3 8 32
GROUP 72 39
2 0
2 1 1
3 0 1 2
3 4 1 2 4
2 1 1 3 8 32
GROUP 72 40
2 0
3 0 1
2 0 1 4
3 0 1 2 6
2 0 1 2 6 24
GROUP 72 41
2 0
3 0 1
2 0 1 4
3 0 1 2 6
2 1 1 2 6 24
GROUP 72 42
2 0
3 0 1
2 0 1 4
3 0 1 2 6
2 0 1 2 7 24
GROUP 72 43
2 0
3 0 1
2 0 1 4
3 0 1 2 6
2 1 1 2 7 24
GROUP 72 44
2 0
3 0 1
2 1 1 4
3 0 1 2 6
2 1 1 2 6 24
GROUP 72 45
2 0
3 0 1
2 1 1 4
3 0 1 2 6
2 1 1 2 7 24
GROUP 72 46
2 0
3 0 1
3 0 1 2
2 0 1 4 12
2 18 1 6 4 18
GROUP 72 47
2 0
3 0 1
3 0 1 2
2 1 1 4 12
2 18 1 6 4 18
GROUP 72 48
3 0
2 0 2
3 0 1 3
2 0 1 3 12
2 0 6 18 1 3
GROUP 72 49
3 0
3 0 1
2 0 2 6
2 9 3 2 9
2 27 4 5 9 18
GROUP 72 50
3 0
3 0 1
2 0 2 6
2 9 3 2 9
2 9 4 7 9 27
