GROUP 80 1
2 0
2 0 1
2 0 1 2
2 0 1 2 4
5 0 1 2 4 8
GROUP 80 2
2 0
2 0 1
2 0 1 2
2 0 1 2 4
5 0 2 4 8 15
GROUP 80 3
2 0
2 0 1
2 0 1 2
2 1 1 2 4
5 0 1 2 4 8
GROUP 80 4
2 0
2 0 1
2 0 1 2
2 0 1 2 5
5 0 1 2 4 8
GROUP 80 5
2 0
2 0 1
2 0 1 2
2 2 1 2 5
5 0 1 2 4 8
GROUP 80 6
2 0
2 0 1
2 1 1 2
2 2 1 2 4
5 0 1 2 4 8
GROUP 80 7
2 0
2 0 1
2 1 1 2
2 4 1 2 4
5 0 1 2 4 8
GROUP 80 8
2 0
2 0 1
2 1 1 2
2 1 1 2 5
5 0 1 2 4 8
GROUP 80 9
2 0
2 0 1
2 1 1 2
2 2 1 2 5
5 0 1 2 4 8
GROUP 80 10
2 0
2 0 1
2 1 1 2
2 0 1 3 4
5 0 1 2 4 8
GROUP 80 11
2 0
2 0 1
2 1 1 2
2 4 1 3 4
5 0 1 2 4 8
GROUP 80 12
2 0
2 0 1
2 0 1 3
2 0 1 4 2
5 0 1 2 4 8
GROUP 80 13
2 0
2 0 1
2 0 1 3
2 1 1 4 2
5 0 1 2 4 8
GROUP 80 14
2 0
2 1 1
2 2 1 2
2 4 1 2 4
5 0 1 2 4 8
GROUP 80 15
2 0
2 1 1
2 2 1 2
2 1 1 3 7
5 0 1 2 4 8
GROUP 80 16
2 0
2 0 1
2 0 1 2
5 0 1 2 4
2 0 1 2 4 32
GROUP 80 17
2 0
2 0 1
2 0 1 2
5 0 1 2 4
2 1 1 2 4 32
GROUP 80 18
2 0
2 0 1
2 0 1 2
5 0 1 2 4
2 0 1 2 5 32
GROUP 80 19
2 0
2 0 1
2 0 1 2
5 0 1 2 4
2 2 1 2 5 32
GROUP 80 20
2 0
2 0 1
2 1 1 2
5 0 1 2 4
2 0 1 2 4 32
GROUP 80 21
2 0
2 0 1
2 1 1 2
5 0 1 2 4
2 2 1 2 4 32
GROUP 80 22
2 0
2 0 1
2 1 1 2
5 0 1 2 4
2 4 1 2 4 32
GROUP 80 23
2 0
2 0 1
2 1 1 2
5 0 1 2 4
2 0 1 2 5 32
GROUP 80 24
2 0
2 0 1
2 1 1 2
5 0 1 2 4
2 1 1 2 5 32
GROUP 80 25
2 0
2 0 1
2 1 1 2
5 0 1 2 4
2 2 1 2 5 32
GROUP 80 26
2 0
2 0 1
2 1 1 2
5 0 1 2 4
2 0 1 2 6 32
GROUP 80 27
2 0
2 0 1
2 1 1 2
5 0 1 2 4
2 1 1 2 6 32
GROUP 80 28
2 0
2 0 1
2 1 1 2
5 0 1 2 4
2 0 1 3 4 32
GROUP 80 29
2 0
2 0 1
2 1 1 2
5 0 1 2 4
2 4 1 3 4 32
GROUP 80 30
2 0
2 0 1
2 0 1 3
5 0 1 2 4
2 0 1 2 4 32
GROUP 80 31
2 0
2 0 1
2 0 1 3
5 0 1 2 4
2 1 1 2 4 32
GROUP 80 32
2 0
2 0 1
2 0 1 3
5 0 1 2 4
2 0 1 4 2 32
GROUP 80 33
2 0
2 0 1
2 0 1 3
5 0 1 2 4
2 1 1 4 2 32
GROUP 80 34
2 0
2 1 1
2 2 1 2
5 0 1 2 4
2 0 1 2 4 32
GROUP 80 35
2 0
2 1 1
2 2 1 2
5 0 1 2 4
2 4 1 2 4 32
GROUP 80 36
2 0
2 1 1
2 2 1 2
5 0 1 2 4
2 0 1 2 5 32
GROUP 80 37
2 0
2 1 1
2 2 1 2
5 0 1 2 4
2 0 1 3 6 32
GROUP 80 38
2 0
2 1 1
2 2 1 2
5 0 1 2 4
2 0 1 3 7 32
GROUP 80 39
2 0
2 1 1
2 2 1 2
5 0 1 2 4
2 1 1 3 7 32
GROUP 80 40
2 0
2 1 1
2 1 1 3
5 0 1 2 4
2 0 1 2 4 32
GROUP 80 41
2 0
2 1 1
2 1 1 3
5 0 1 2 4
2 1 1 2 4 32
GROUP 80 42
2 0
2 1 1
2 1 1 3
5 0 1 2 4
2 2 1 2 6 32
GROUP 80 43
2 0
2 1 1
2 1 1 3
5 0 1 2 4
2 3 1 2 6 32
GROUP 80 44
2 0
2 0 1
5 0 1 2
2 0 1 2 16
2 20 1 2 8 20
GROUP 80 45
2 0
2 0 1
5 0 1 2
2 0 1 2 16
2 20 1 3 8 20
GROUP 80 46
2 0
2 0 1
5 0 1 2
2 1 1 2 16
2 20 1 2 8 20
GROUP 80 47
2 0
2 0 1
5 0 1 2
2 1 1 2 16
2 20 1 3 8 20
GROUP 80 48
2 0
2 1 1
5 0 1 2
2 0 1 2 16
2 20 1 2 8 20
GROUP 80 49
2 0
2 1 1
5 0 1 2
2 0 1 2 16
2 22 1 2 8 20
GROUP 80 50
2 0
2 1 1
5 0 1 2
2 0 1 2 16
2 20 1 3 8 20
GROUP 80 51
2 0
2 1 1
5 0 1 2
2 0 1 2 16
2 22 1 3 8 21
GROUP 80 52
2 0
2 1 1
5 0 1 2
2 2 1 2 16
2 20 1 2 8 20
