GROUP 81 1
3 0
3 0 1
3 0 1 3
3 0 1 3 9
GROUP 81 2
3 0
3 0 1
3 0 1 3
3 1 1 3 9
GROUP 81 3
3 0
3 0 1
3 0 1 3
3 0 1 3 10
GROUP 81 4
3 0
3 0 1
3 0 1 3
3 1 1 3 10
GROUP 81 5
3 0
3 0 1
3 0 1 3
3 3 1 3 10
GROUP 81 6
3 0
3 0 1
3 0 1 3
3 0 1 4 12
GROUP 81 7
3 0
3 0 1
3 1 1 3
3 3 1 3 9
GROUP 81 8
3 0
3 0 1
3 1 1 3
3 9 1 3 9
GROUP 81 9
3 0
3 0 1
3 1 1 3
3 3 1 3 10
GROUP 81 10
3 0
3 0 1
3 1 1 3
3 0 1 4 9
GROUP 81 11
3 0
3 0 1
3 1 1 3
3 9 1 4 9
GROUP 81 12
3 0
3 0 1
3 1 1 3
3 0 1 4 12
GROUP 81 13
3 0
3 0 1
3 1 1 3
3 0 1 4 15
GROUP 81 14
3 0
3 0 1
3 1 1 3
3 1 1 4 15
GROUP 81 15
3 0
3 1 1
3 3 1 3
3 9 1 3 9
