GROUP 84 1
2 0
2 0 1
3 0 1 2
7 0 1 2 4
GROUP 84 2
2 0
2 0 1
3 0 2 3
7 0 1 2 4
GROUP 84 3
2 0
2 1 1
3 0 1 2
7 0 1 2 4
GROUP 84 4
2 0
3 0 1
2 0 1 4
7 0 1 2 6
GROUP 84 5
2 0
3 0 1
2 1 1 4
7 0 1 2 6
GROUP 84 6
2 0
2 0 1
7 0 1 2
3 0 1 2 8
GROUP 84 7
2 0
2 0 1
7 0 1 2
3 0 2 3 8
GROUP 84 8
2 0
2 1 1
7 0 1 2
3 0 1 2 8
GROUP 84 9
2 0
7 0 1
2 0 1 12
3 0 1 2 14
GROUP 84 10
2 0
7 0 1
2 0 1 12
3 0 1 4 14
GROUP 84 11
2 0
7 0 1
2 1 1 12
3 0 1 2 14
GROUP 84 12
2 0
7 0 1
2 1 1 12
3 0 1 4 14
GROUP 84 13
2 0
3 0 1
7 0 1 2
2 0 1 4 36
GROUP 84 14
2 0
3 0 1
7 0 1 2
2 1 1 4 36
GROUP 84 15
3 0
2 0 2
7 0 1 3
2 0 1 3 36
