GROUP 96 1
2 0
2 0 1
2 0 1 2
2 0 1 2 4
2 0 1 2 4 8
3 0 1 2 4 8 16
GROUP 96 2
2 0
2 0 1
2 0 1 2
2 0 1 2 4
2 0 1 2 4 8
3 0 1 2 4 16 24
GROUP 96 3
2 0
2 0 1
2 0 1 2
2 0 1 2 4
2 0 1 2 4 8
3 0 1 4 6 16 24
GROUP 96 4
2 0
2 0 1
2 0 1 2
2 0 1 2 4
2 1 1 2 4 8
3 0 1 2 4 8 16
GROUP 96 5
2 0
2 0 1
2 0 1 2
2 0 1 2 4
2 1 1 2 4 8
3 0 1 2 8 12 16
GROUP 96 6
2 0
2 0 1
2 0 1 2
2 0 1 2 4
2 0 1 2 4 9
3 0 1 2 4 8 16
GROUP 96 7
2 0
2 0 1
2 0 1 2
2 0 1 2 4
2 0 1 2 4 9
3 0 1 4 6 8 16
GROUP 96 8
2 0
2 0 1
2 0 1 2
2 0 1 2 4
2 2 1 2 4 9
3 0 1 2 4 8 16
GROUP 96 9
2 0
2 0 1
2 0 1 2
2 0 1 2 4
2 0 1 2 5 10
3 0 1 2 4 8 16
GROUP 96 10
2 0
2 0 1
2 0 1 2
2 0 1 2 4
2 0 1 2 5 10
3 0 2 3 8 12 16
GROUP 96 11
2 0
2 0 1
2 0 1 2
2 1 1 2 4
2 2 1 2 4 8
3 0 1 2 4 8 16
GROUP 96 12
2 0
2 0 1
2 0 1 2
2 1 1 2 4
2 2 1 2 4 8
3 0 2 3 4 16 27
GROUP 96 13
2 0
2 0 1
2 0 1 2
2 1 1 2 4
2 8 1 2 4 8
3 0 1 2 4 8 16
GROUP 96 14
2 0
2 0 1
2 0 1 2
2 1 1 2 4
2 8 1 2 4 8
3 0 1 4 6 8 16
GROUP 96 15
2 0
2 0 1
2 0 1 2
2 1 1 2 4
2 1 1 2 4 9
3 0 1 2 4 8 16
GROUP 96 16
2 0
2 0 1
2 0 1 2
2 1 1 2 4
2 1 1 2 4 9
3 0 1 2 4 16 24
GROUP 96 17
2 0
2 0 1
2 0 1 2
2 1 1 2 4
2 1 1 2 4 9
3 0 1 4 6 8 16
GROUP 96 18
2 0
2 0 1
2 0 1 2
2 1 1 2 4
2 1 1 2 4 9
3 0 1 4 6 16 24
GROUP 96 19
2 0
2 0 1
2 0 1 2
2 1 1 2 4
2 2 1 2 4 9
3 0 1 2 4 8 16
GROUP 96 20
2 0
2 0 1
2 0 1 2
2 1 1 2 4
2 4 1 2 4 10
3 0 1 2 4 8 16
GROUP 96 21
2 0
2 0 1
2 0 1 2
2 1 1 2 4
2 4 1 2 4 10
3 0 4 2 7 16 29
GROUP 96 22
2 0
2 0 1
2 0 1 2
2 1 1 2 4
2 0 1 2 5 8
3 0 1 2 4 8 16
GROUP 96 23
2 0
2 0 1
2 0 1 2
2 1 1 2 4
2 0 1 2 5 8
3 0 1 2 16 8 28
GROUP 96 24
2 0
2 0 1
2 0 1 2
2 1 1 2 4
2 2 1 2 5 8
3 0 1 2 4 8 16
GROUP 96 25
2 0
2 0 1
2 0 1 2
2 1 1 2 4
2 8 1 2 5 8
3 0 1 2 4 8 16
GROUP 96 26
2 0
2 0 1
2 0 1 2
2 1 1 2 4
2 0 1 2 5 10
3 0 1 2 4 8 16
GROUP 96 27
2 0
2 0 1
2 0 1 2
2 1 1 2 4
2 0 1 2 6 8
3 0 1 2 4 8 16
GROUP 96 28
2 0
2 0 1
2 0 1 2
2 1 1 2 4
2 8 1 2 6 8
3 0 1 2 4 8 16
GROUP 96 29
2 0
2 0 1
2 0 1 2
2 1 1 2 4
2 0 1 2 6 9
3 0 1 2 4 8 16
GROUP 96 30
2 0
2 0 1
2 0 1 2
2 1 1 2 4
2 1 1 2 6 9
3 0 1 2 4 8 16
GROUP 96 31
2 0
2 0 1
2 0 1 2
2 0 1 2 5
2 2 1 2 6 10
3 0 1 2 4 8 16
GROUP 96 32
2 0
2 0 1
2 0 1 2
2 0 1 2 5
2 2 1 2 6 10
3 4 2 3 4 20 29
GROUP 96 33
2 0
2 0 1
2 0 1 2
2 0 1 2 5
2 3 1 2 6 10
3 0 1 2 4 8 16
GROUP 96 34
2 0
2 0 1
2 0 1 2
2 0 1 2 5
2 0 1 2 8 4
3 0 1 2 4 8 16
GROUP 96 35
2 0
2 0 1
2 0 1 2
2 0 1 2 5
2 1 1 2 8 4
3 0 1 2 4 8 16
GROUP 96 36
2 0
2 0 1
2 0 1 2
2 0 1 2 5
2 2 1 2 8 4
3 0 1 2 4 8 16
GROUP 96 37
2 0
2 0 1
2 0 1 2
2 0 1 2 5
2 0 1 3 4 8
3 0 1 2 4 8 16
GROUP 96 38
2 0
2 0 1
2 0 1 2
2 0 1 2 5
2 0 1 3 4 8
3 0 1 4 6 16 24
GROUP 96 39
2 0
2 0 1
2 0 1 2
2 0 1 2 5
2 0 1 3 4 8
3 26 1 16 24 20 30
GROUP 96 40
2 0
2 0 1
2 0 1 2
2 0 1 2 5
2 4 1 3 4 10
3 0 1 2 4 8 16
GROUP 96 41
2 0
2 0 1
2 0 1 2
2 0 1 2 5
2 12 1 3 6 10
3 0 1 2 4 8 16
GROUP 96 42
2 0
2 0 1
2 0 1 2
2 0 1 2 5
2 0 1 3 8 4
3 0 1 2 4 8 16
GROUP 96 43
2 0
2 0 1
2 0 1 2
2 2 1 2 5
2 3 1 2 6 8
3 0 1 2 4 8 16
GROUP 96 44
2 0
2 0 1
2 0 1 2
2 2 1 2 5
2 3 1 2 6 8
3 0 2 3 4 16 25
GROUP 96 45
2 0
2 0 1
2 1 1 2
2 2 1 2 4
2 4 1 2 4 8
3 0 1 2 4 8 16
GROUP 96 46
2 0
2 0 1
2 1 1 2
2 2 1 2 4
2 4 1 2 4 9
3 0 1 2 4 8 16
GROUP 96 47
2 0
2 0 1
2 1 1 2
2 2 1 2 4
2 2 1 2 4 10
3 0 1 2 4 8 16
GROUP 96 48
2 0
2 0 1
2 1 1 2
2 2 1 2 4
2 2 1 2 4 10
3 0 1 2 4 16 24
GROUP 96 49
2 0
2 0 1
2 1 1 2
2 2 1 2 4
2 4 1 2 4 10
3 0 1 2 4 8 16
GROUP 96 50
2 0
2 0 1
2 1 1 2
2 2 1 2 4
2 1 1 2 5 10
3 0 1 2 4 8 16
GROUP 96 51
2 0
2 0 1
2 1 1 2
2 2 1 2 4
2 2 1 2 5 11
3 0 1 2 4 8 16
GROUP 96 52
2 0
2 0 1
2 1 1 2
2 2 1 2 4
2 0 1 3 4 14
3 0 1 2 4 8 16
GROUP 96 53
2 0
2 0 1
2 1 1 2
2 4 1 2 4
2 8 1 2 4 8
3 0 1 2 4 8 16
GROUP 96 54
2 0
2 0 1
2 1 1 2
2 4 1 2 4
2 2 1 2 5 12
3 0 1 2 4 8 16
GROUP 96 55
2 0
2 0 1
2 1 1 2
2 4 1 2 4
2 1 1 2 5 13
3 0 1 2 4 8 16
GROUP 96 56
2 0
2 0 1
2 1 1 2
2 4 1 2 4
2 2 1 2 5 13
3 0 1 2 4 8 16
GROUP 96 57
2 0
2 0 1
2 1 1 2
2 4 1 2 4
2 1 1 2 5 14
3 0 1 2 4 8 16
GROUP 96 58
2 0
2 0 1
2 1 1 2
2 4 1 2 4
2 0 1 3 4 8
3 0 1 2 4 8 16
GROUP 96 59
2 0
2 0 1
2 1 1 2
2 4 1 2 4
2 0 1 3 4 8
3 0 1 16 4 8 22
GROUP 96 60
2 0
2 0 1
2 1 1 2
2 4 1 2 4
2 8 1 3 4 8
3 0 1 2 4 8 16
GROUP 96 61
2 0
2 0 1
2 1 1 2
2 4 1 2 4
2 0 1 3 5 12
3 0 1 2 4 8 16
GROUP 96 62
2 0
2 0 1
2 1 1 2
2 4 1 2 4
2 6 1 3 5 12
3 0 1 2 4 8 16
GROUP 96 63
2 0
2 0 1
2 1 1 2
2 1 1 2 5
2 0 1 3 4 8
3 0 1 2 4 8 16
GROUP 96 64
2 0
2 0 1
2 1 1 2
2 1 1 2 5
2 0 1 3 4 8
3 0 1 2 8 12 16
GROUP 96 65
2 0
2 0 1
2 1 1 2
2 1 1 2 5
2 4 1 3 4 10
3 0 1 2 4 8 16
GROUP 96 66
2 0
2 0 1
2 1 1 2
2 1 1 2 5
2 4 1 3 4 12
3 0 1 2 4 8 16
GROUP 96 67
2 0
2 0 1
2 0 1 3
2 0 1 4 2
2 0 1 8 14 2
3 0 1 2 4 8 16
GROUP 96 68
2 0
2 0 1
2 0 1 3
2 0 1 4 2
2 1 1 8 14 2
3 0 1 2 4 8 16
GROUP 96 69
2 0
2 1 1
2 2 1 2
2 4 1 2 4
2 8 1 2 4 8
3 0 1 2 4 8 16
GROUP 96 70
2 0
2 1 1
2 2 1 2
2 4 1 2 4
2 1 1 3 7 15
3 0 1 2 4 8 16
GROUP 96 71
2 0
2 0 1
2 0 1 2
2 0 1 2 4
3 0 1 2 4 8
2 0 1 2 4 8 32
GROUP 96 72
2 0
2 0 1
2 0 1 2
2 0 1 2 4
3 0 1 2 4 8
2 1 1 2 4 8 32
GROUP 96 73
2 0
2 0 1
2 0 1 2
2 0 1 2 4
3 0 1 2 4 8
2 0 1 2 4 9 32
GROUP 96 74
2 0
2 0 1
2 0 1 2
2 0 1 2 4
3 0 1 2 4 8
2 2 1 2 4 9 32
GROUP 96 75
2 0
2 0 1
2 0 1 2
2 0 1 2 4
3 0 1 2 4 8
2 0 1 2 5 10 32
GROUP 96 76
2 0
2 0 1
2 0 1 2
2 0 1 2 4
3 0 1 2 8 12
2 0 1 2 4 12 32
GROUP 96 77
2 0
2 0 1
2 0 1 2
2 0 1 2 4
3 0 1 2 8 12
2 1 1 2 4 12 32
GROUP 96 78
2 0
2 0 1
2 0 1 2
2 0 1 2 4
3 0 1 2 8 12
2 0 1 3 4 12 32
GROUP 96 79
2 0
2 0 1
2 0 1 2
2 0 1 2 4
3 0 2 3 8 12
2 0 1 3 4 12 32
GROUP 96 80
2 0
2 0 1
2 0 1 2
2 1 1 2 4
3 0 1 2 4 8
2 0 1 2 4 8 32
GROUP 96 81
2 0
2 0 1
2 0 1 2
2 1 1 2 4
3 0 1 2 4 8
2 2 1 2 4 8 32
GROUP 96 82
2 0
2 0 1
2 0 1 2
2 1 1 2 4
3 0 1 2 4 8
2 8 1 2 4 8 32
GROUP 96 83
2 0
2 0 1
2 0 1 2
2 1 1 2 4
3 0 1 2 4 8
2 0 1 2 4 9 32
GROUP 96 84
2 0
2 0 1
2 0 1 2
2 1 1 2 4
3 0 1 2 4 8
2 1 1 2 4 9 32
GROUP 96 85
2 0
2 0 1
2 0 1 2
2 1 1 2 4
3 0 1 2 4 8
2 2 1 2 4 9 32
GROUP 96 86
2 0
2 0 1
2 0 1 2
2 1 1 2 4
3 0 1 2 4 8
2 0 1 2 4 10 32
GROUP 96 87
2 0
2 0 1
2 0 1 2
2 1 1 2 4
3 0 1 2 4 8
2 1 1 2 4 10 32
GROUP 96 88
2 0
2 0 1
2 0 1 2
2 1 1 2 4
3 0 1 2 4 8
2 4 1 2 4 10 32
GROUP 96 89
2 0
2 0 1
2 0 1 2
2 1 1 2 4
3 0 1 2 4 8
2 0 1 2 5 8 32
GROUP 96 90
2 0
2 0 1
2 0 1 2
2 1 1 2 4
3 0 1 2 4 8
2 2 1 2 5 8 32
GROUP 96 91
2 0
2 0 1
2 0 1 2
2 1 1 2 4
3 0 1 2 4 8
2 8 1 2 5 8 32
GROUP 96 92
2 0
2 0 1
2 0 1 2
2 1 1 2 4
3 0 1 2 4 8
2 0 1 2 5 10 32
GROUP 96 93
2 0
2 0 1
2 0 1 2
2 1 1 2 4
3 0 1 2 4 8
2 0 1 2 6 8 32
GROUP 96 94
2 0
2 0 1
2 0 1 2
2 1 1 2 4
3 0 1 2 4 8
2 8 1 2 6 8 32
GROUP 96 95
2 0
2 0 1
2 0 1 2
2 1 1 2 4
3 0 1 2 4 8
2 0 1 2 6 9 32
GROUP 96 96
2 0
2 0 1
2 0 1 2
2 1 1 2 4
3 0 1 2 4 8
2 1 1 2 6 9 32
GROUP 96 97
2 0
2 0 1
2 0 1 2
2 1 1 2 4
3 0 1 4 6 8
2 0 1 2 6 8 32
GROUP 96 98
2 0
2 0 1
2 0 1 2
2 1 1 2 4
3 0 1 4 6 8
2 8 1 2 6 8 32
GROUP 96 99
2 0
2 0 1
2 0 1 2
2 1 1 2 4
3 0 1 4 6 8
2 0 1 2 6 9 32
GROUP 96 100
2 0
2 0 1
2 0 1 2
2 1 1 2 4
3 0 1 4 6 8
2 1 1 2 6 9 32
GROUP 96 101
2 0
2 0 1
2 0 1 2
2 0 1 2 5
3 0 1 2 4 8
2 0 1 2 4 8 32
GROUP 96 102
2 0
2 0 1
2 0 1 2
2 0 1 2 5
3 0 1 2 4 8
2 1 1 2 4 8 32
GROUP 96 103
2 0
2 0 1
2 0 1 2
2 0 1 2 5
3 0 1 2 4 8
2 2 1 2 4 8 32
GROUP 96 104
2 0
2 0 1
2 0 1 2
2 0 1 2 5
3 0 1 2 4 8
2 0 1 2 4 10 32
GROUP 96 105
2 0
2 0 1
2 0 1 2
2 0 1 2 5
3 0 1 2 4 8
2 1 1 2 4 10 32
GROUP 96 106
2 0
2 0 1
2 0 1 2
2 0 1 2 5
3 0 1 2 4 8
2 2 1 2 4 10 32
GROUP 96 107
2 0
2 0 1
2 0 1 2
2 0 1 2 5
3 0 1 2 4 8
2 0 1 2 6 10 32
GROUP 96 108
2 0
2 0 1
2 0 1 2
2 0 1 2 5
3 0 1 2 4 8
2 2 1 2 6 10 32
GROUP 96 109
2 0
2 0 1
2 0 1 2
2 0 1 2 5
3 0 1 2 4 8
2 3 1 2 6 10 32
GROUP 96 110
2 0
2 0 1
2 0 1 2
2 0 1 2 5
3 0 1 2 4 8
2 0 1 2 8 4 32
GROUP 96 111
2 0
2 0 1
2 0 1 2
2 0 1 2 5
3 0 1 2 4 8
2 1 1 2 8 4 32
GROUP 96 112
2 0
2 0 1
2 0 1 2
2 0 1 2 5
3 0 1 2 4 8
2 2 1 2 8 4 32
GROUP 96 113
2 0
2 0 1
2 0 1 2
2 0 1 2 5
3 0 1 2 4 8
2 0 1 3 4 8 32
GROUP 96 114
2 0
2 0 1
2 0 1 2
2 0 1 2 5
3 0 1 2 4 8
2 4 1 3 4 10 32
GROUP 96 115
2 0
2 0 1
2 0 1 2
2 0 1 2 5
3 0 1 2 4 8
2 12 1 3 6 10 32
GROUP 96 116
2 0
2 0 1
2 0 1 2
2 0 1 2 5
3 0 1 2 4 8
2 0 1 3 8 4 32
GROUP 96 117
2 0
2 0 1
2 0 1 2
2 2 1 2 5
3 0 1 2 4 8
2 0 1 2 4 8 32
GROUP 96 118
2 0
2 0 1
2 0 1 2
2 2 1 2 5
3 0 1 2 4 8
2 1 1 2 4 8 32
GROUP 96 119
2 0
2 0 1
2 0 1 2
2 2 1 2 5
3 0 1 2 4 8
2 2 1 2 4 8 32
GROUP 96 120
2 0
2 0 1
2 0 1 2
2 2 1 2 5
3 0 1 2 4 8
2 0 1 2 4 10 32
GROUP 96 121
2 0
2 0 1
2 0 1 2
2 2 1 2 5
3 0 1 2 4 8
2 1 1 2 4 10 32
GROUP 96 122
2 0
2 0 1
2 0 1 2
2 2 1 2 5
3 0 1 2 4 8
2 2 1 2 4 10 32
GROUP 96 123
2 0
2 0 1
2 0 1 2
2 2 1 2 5
3 0 1 2 4 8
2 0 1 2 6 8 32
GROUP 96 124
2 0
2 0 1
2 0 1 2
2 2 1 2 5
3 0 1 2 4 8
2 1 1 2 6 8 32
GROUP 96 125
2 0
2 0 1
2 0 1 2
2 2 1 2 5
3 0 1 2 4 8
2 2 1 2 6 8 32
GROUP 96 126
2 0
2 0 1
2 0 1 2
2 2 1 2 5
3 0 1 2 4 8
2 3 1 2 6 8 32
GROUP 96 127
2 0
2 0 1
2 0 1 2
2 2 1 2 5
3 0 1 2 4 8
2 0 1 3 4 12 32
GROUP 96 128
2 0
2 0 1
2 1 1 2
2 2 1 2 4
3 0 1 2 4 8
2 0 1 2 4 8 32
GROUP 96 129
2 0
2 0 1
2 1 1 2
2 2 1 2 4
3 0 1 2 4 8
2 4 1 2 4 8 32
GROUP 96 130
2 0
2 0 1
2 1 1 2
2 2 1 2 4
3 0 1 2 4 8
2 0 1 2 4 9 32
GROUP 96 131
2 0
2 0 1
2 1 1 2
2 2 1 2 4
3 0 1 2 4 8
2 4 1 2 4 9 32
GROUP 96 132
2 0
2 0 1
2 1 1 2
2 2 1 2 4
3 0 1 2 4 8
2 0 1 2 4 10 32
GROUP 96 133
2 0
2 0 1
2 1 1 2
2 2 1 2 4
3 0 1 2 4 8
2 2 1 2 4 10 32
GROUP 96 134
2 0
2 0 1
2 1 1 2
2 2 1 2 4
3 0 1 2 4 8
2 4 1 2 4 10 32
GROUP 96 135
2 0
2 0 1
2 1 1 2
2 2 1 2 4
3 0 1 2 4 8
2 0 1 2 5 10 32
GROUP 96 136
2 0
2 0 1
2 1 1 2
2 2 1 2 4
3 0 1 2 4 8
2 1 1 2 5 10 32
GROUP 96 137
2 0
2 0 1
2 1 1 2
2 2 1 2 4
3 0 1 2 4 8
2 0 1 2 5 11 32
GROUP 96 138
2 0
2 0 1
2 1 1 2
2 2 1 2 4
3 0 1 2 4 8
2 2 1 2 5 11 32
GROUP 96 139
2 0
2 0 1
2 1 1 2
2 2 1 2 4
3 0 1 2 4 8
2 0 1 2 6 11 32
GROUP 96 140
2 0
2 0 1
2 1 1 2
2 2 1 2 4
3 0 1 2 4 8
2 0 1 3 4 14 32
GROUP 96 141
2 0
2 0 1
2 1 1 2
2 2 1 2 4
3 0 2 3 8 15
2 0 1 3 4 15 32
GROUP 96 142
2 0
2 0 1
2 1 1 2
2 4 1 2 4
3 0 1 2 4 8
2 0 1 2 4 8 32
GROUP 96 143
2 0
2 0 1
2 1 1 2
2 4 1 2 4
3 0 1 2 4 8
2 2 1 2 4 8 32
GROUP 96 144
2 0
2 0 1
2 1 1 2
2 4 1 2 4
3 0 1 2 4 8
2 8 1 2 4 8 32
GROUP 96 145
2 0
2 0 1
2 1 1 2
2 4 1 2 4
3 0 1 2 4 8
2 0 1 2 4 9 32
GROUP 96 146
2 0
2 0 1
2 1 1 2
2 4 1 2 4
3 0 1 2 4 8
2 2 1 2 4 9 32
GROUP 96 147
2 0
2 0 1
2 1 1 2
2 4 1 2 4
3 0 1 2 4 8
2 0 1 2 4 10 32
GROUP 96 148
2 0
2 0 1
2 1 1 2
2 4 1 2 4
3 0 1 2 4 8
2 2 1 2 4 10 32
GROUP 96 149
2 0
2 0 1
2 1 1 2
2 4 1 2 4
3 0 1 2 4 8
2 0 1 2 5 12 32
GROUP 96 150
2 0
2 0 1
2 1 1 2
2 4 1 2 4
3 0 1 2 4 8
2 2 1 2 5 12 32
GROUP 96 151
2 0
2 0 1
2 1 1 2
2 4 1 2 4
3 0 1 2 4 8
2 0 1 2 5 13 32
GROUP 96 152
2 0
2 0 1
2 1 1 2
2 4 1 2 4
3 0 1 2 4 8
2 1 1 2 5 13 32
GROUP 96 153
2 0
2 0 1
2 1 1 2
2 4 1 2 4
3 0 1 2 4 8
2 2 1 2 5 13 32
GROUP 96 154
2 0
2 0 1
2 1 1 2
2 4 1 2 4
3 0 1 2 4 8
2 0 1 2 5 14 32
GROUP 96 155
2 0
2 0 1
2 1 1 2
2 4 1 2 4
3 0 1 2 4 8
2 1 1 2 5 14 32
GROUP 96 156
2 0
2 0 1
2 1 1 2
2 4 1 2 4
3 0 1 2 4 8
2 0 1 3 4 8 32
GROUP 96 157
2 0
2 0 1
2 1 1 2
2 4 1 2 4
3 0 1 2 4 8
2 8 1 3 4 8 32
GROUP 96 158
2 0
2 0 1
2 1 1 2
2 4 1 2 4
3 0 1 2 4 8
2 0 1 3 5 12 32
GROUP 96 159
2 0
2 0 1
2 1 1 2
2 4 1 2 4
3 0 1 2 4 8
2 6 1 3 5 12 32
GROUP 96 160
2 0
2 0 1
2 1 1 2
2 1 1 2 5
3 0 1 2 4 8
2 0 1 2 4 8 32
GROUP 96 161
2 0
2 0 1
2 1 1 2
2 1 1 2 5
3 0 1 2 4 8
2 1 1 2 4 8 32
GROUP 96 162
2 0
2 0 1
2 1 1 2
2 1 1 2 5
3 0 1 2 4 8
2 2 1 2 4 8 32
GROUP 96 163
2 0
2 0 1
2 1 1 2
2 1 1 2 5
3 0 1 2 4 8
2 0 1 2 4 10 32
GROUP 96 164
2 0
2 0 1
2 1 1 2
2 1 1 2 5
3 0 1 2 4 8
2 2 1 2 4 10 32
GROUP 96 165
2 0
2 0 1
2 1 1 2
2 1 1 2 5
3 0 1 2 4 8
2 3 1 2 4 10 32
GROUP 96 166
2 0
2 0 1
2 1 1 2
2 1 1 2 5
3 0 1 2 4 8
2 4 1 2 4 12 32
GROUP 96 167
2 0
2 0 1
2 1 1 2
2 1 1 2 5
3 0 1 2 4 8
2 5 1 2 4 12 32
GROUP 96 168
2 0
2 0 1
2 1 1 2
2 1 1 2 5
3 0 1 2 4 8
2 6 1 2 4 12 32
GROUP 96 169
2 0
2 0 1
2 1 1 2
2 1 1 2 5
3 0 1 2 4 8
2 0 1 3 4 8 32
GROUP 96 170
2 0
2 0 1
2 1 1 2
2 1 1 2 5
3 0 1 2 4 8
2 4 1 3 4 10 32
GROUP 96 171
2 0
2 0 1
2 1 1 2
2 1 1 2 5
3 0 1 2 4 8
2 4 1 3 4 12 32
GROUP 96 172
2 0
2 0 1
2 1 1 2
2 1 1 2 5
3 0 1 2 8 12
2 4 1 2 4 12 37
GROUP 96 173
2 0
2 0 1
2 1 1 2
2 1 1 2 5
3 0 1 2 8 12
2 5 1 2 4 12 37
GROUP 96 174
2 0
2 0 1
2 1 1 2
2 1 1 2 5
3 0 1 2 8 12
2 6 1 2 4 12 37
GROUP 96 175
2 0
2 0 1
2 1 1 2
2 1 1 2 5
3 0 1 2 8 12
2 4 1 3 4 12 37
GROUP 96 176
2 0
2 0 1
2 1 1 2
2 2 1 2 5
3 0 1 2 4 8
2 0 1 2 4 8 32
GROUP 96 177
2 0
2 0 1
2 1 1 2
2 2 1 2 5
3 0 1 2 4 8
2 1 1 2 4 8 32
GROUP 96 178
2 0
2 0 1
2 1 1 2
2 2 1 2 5
3 0 1 2 4 8
2 2 1 2 4 8 32
GROUP 96 179
2 0
2 0 1
2 1 1 2
2 2 1 2 5
3 0 1 2 4 8
2 3 1 2 4 8 32
GROUP 96 180
2 0
2 0 1
2 1 1 2
2 2 1 2 5
3 0 1 2 4 8
2 0 1 2 4 10 32
GROUP 96 181
2 0
2 0 1
2 1 1 2
2 2 1 2 5
3 0 1 2 4 8
2 1 1 2 4 10 32
GROUP 96 182
2 0
2 0 1
2 1 1 2
2 2 1 2 5
3 0 1 2 4 8
2 2 1 2 4 10 32
GROUP 96 183
2 0
2 0 1
2 1 1 2
2 2 1 2 5
3 0 1 2 4 8
2 3 1 2 4 10 32
GROUP 96 184
2 0
2 0 1
2 1 1 2
2 2 1 2 5
3 0 1 2 4 8
2 4 1 2 4 12 32
GROUP 96 185
2 0
2 0 1
2 1 1 2
2 2 1 2 5
3 0 1 2 4 8
2 5 1 2 4 12 32
GROUP 96 186
2 0
2 0 1
2 1 1 2
2 2 1 2 5
3 0 1 2 4 8
2 6 1 2 4 12 32
GROUP 96 187
2 0
2 0 1
2 1 1 2
2 2 1 2 5
3 0 1 2 4 8
2 7 1 2 4 12 32
GROUP 96 188
2 0
2 0 1
2 1 1 2
2 2 1 2 5
3 0 1 2 4 8
2 0 1 2 6 8 32
GROUP 96 189
2 0
2 0 1
2 1 1 2
2 2 1 2 5
3 0 1 2 4 8
2 1 1 2 6 8 32
GROUP 96 190
2 0
2 0 1
2 1 1 2
2 2 1 2 5
3 0 1 2 4 8
2 2 1 2 6 8 32
GROUP 96 191
2 0
2 0 1
2 1 1 2
2 2 1 2 5
3 0 1 2 4 8
2 3 1 2 6 8 32
GROUP 96 192
2 0
2 0 1
2 1 1 2
2 0 1 3 4
3 0 1 2 4 8
2 0 1 2 4 8 32
GROUP 96 193
2 0
2 0 1
2 1 1 2
2 0 1 3 4
3 0 1 2 4 8
2 4 1 2 4 8 32
GROUP 96 194
2 0
2 0 1
2 1 1 2
2 0 1 3 4
3 0 1 2 4 8
2 2 1 2 4 14 32
GROUP 96 195
2 0
2 0 1
2 1 1 2
2 0 1 3 4
3 0 1 2 4 8
2 6 1 2 4 14 32
GROUP 96 196
2 0
2 0 1
2 1 1 2
2 0 1 3 4
3 0 1 2 4 8
2 0 1 2 5 8 32
GROUP 96 197
2 0
2 0 1
2 1 1 2
2 0 1 3 4
3 0 1 2 4 8
2 1 1 2 5 8 32
GROUP 96 198
2 0
2 0 1
2 1 1 2
2 0 1 3 4
3 0 1 2 4 8
2 0 1 2 5 14 32
GROUP 96 199
2 0
2 0 1
2 1 1 2
2 0 1 3 4
3 0 1 2 4 8
2 1 1 2 5 14 32
GROUP 96 200
2 0
2 0 1
2 1 1 2
2 0 1 3 4
3 0 1 8 4 14
2 2 1 2 4 14 39
GROUP 96 201
2 0
2 0 1
2 1 1 2
2 0 1 3 4
3 0 1 8 4 14
2 6 1 2 4 14 39
GROUP 96 202
2 0
2 0 1
2 1 1 2
2 0 1 3 4
3 0 1 8 4 14
2 0 1 2 5 14 32
GROUP 96 203
2 0
2 0 1
2 1 1 2
2 0 1 3 4
3 0 1 8 4 14
2 1 1 2 5 14 32
GROUP 96 204
2 0
2 0 1
2 1 1 2
2 4 1 3 4
3 0 1 2 4 8
2 0 1 2 4 8 32
GROUP 96 205
2 0
2 0 1
2 1 1 2
2 4 1 3 4
3 0 1 2 4 8
2 4 1 2 4 8 32
GROUP 96 206
2 0
2 0 1
2 1 1 2
2 4 1 3 4
3 0 1 2 4 8
2 2 1 2 4 14 32
GROUP 96 207
2 0
2 0 1
2 1 1 2
2 4 1 3 4
3 0 1 2 4 8
2 6 1 2 4 14 32
GROUP 96 208
2 0
2 0 1
2 1 1 2
2 4 1 3 4
3 0 1 2 4 8
2 0 1 2 5 10 32
GROUP 96 209
2 0
2 0 1
2 1 1 2
2 4 1 3 4
3 0 1 2 4 8
2 1 1 2 5 10 32
GROUP 96 210
2 0
2 0 1
2 1 1 2
2 4 1 3 4
3 0 1 2 4 8
2 0 1 2 5 12 32
GROUP 96 211
2 0
2 0 1
2 1 1 2
2 4 1 3 4
3 0 1 2 4 8
2 1 1 2 5 12 32
GROUP 96 212
2 0
2 0 1
2 0 1 3
2 0 1 4 2
3 0 1 2 4 8
2 0 1 2 4 8 32
GROUP 96 213
2 0
2 0 1
2 0 1 3
2 0 1 4 2
3 0 1 2 4 8
2 1 1 2 4 8 32
GROUP 96 214
2 0
2 0 1
2 0 1 3
2 0 1 4 2
3 0 1 2 4 8
2 0 1 2 4 9 32
GROUP 96 215
2 0
2 0 1
2 0 1 3
2 0 1 4 2
3 0 1 2 4 8
2 0 1 8 14 2 32
GROUP 96 216
2 0
2 0 1
2 0 1 3
2 0 1 4 2
3 0 1 2 4 8
2 1 1 8 14 2 32
GROUP 96 217
2 0
2 0 1
2 0 1 3
2 1 1 4 2
3 0 1 2 4 8
2 0 1 2 4 8 32
GROUP 96 218
2 0
2 0 1
2 0 1 3
2 1 1 4 2
3 0 1 2 4 8
2 1 1 2 4 8 32
GROUP 96 219
2 0
2 0 1
2 0 1 3
2 1 1 4 2
3 0 1 2 4 8
2 0 1 2 4 9 32
GROUP 96 220
2 0
2 0 1
2 0 1 3
2 1 1 4 2
3 0 1 2 4 8
2 1 1 2 4 9 32
GROUP 96 221
2 0
2 1 1
2 2 1 2
2 4 1 2 4
3 0 1 2 4 8
2 0 1 2 4 8 32
GROUP 96 222
2 0
2 1 1
2 2 1 2
2 4 1 2 4
3 0 1 2 4 8
2 8 1 2 4 8 32
GROUP 96 223
2 0
2 1 1
2 2 1 2
2 4 1 2 4
3 0 1 2 4 8
2 0 1 2 4 9 32
GROUP 96 224
2 0
2 1 1
2 2 1 2
2 4 1 2 4
3 0 1 2 4 8
2 0 1 3 7 14 32
GROUP 96 225
2 0
2 1 1
2 2 1 2
2 4 1 2 4
3 0 1 2 4 8
2 0 1 3 7 15 32
GROUP 96 226
2 0
2 1 1
2 2 1 2
2 4 1 2 4
3 0 1 2 4 8
2 1 1 3 7 15 32
GROUP 96 227
2 0
2 1 1
2 2 1 2
2 1 1 3 7
3 0 1 2 4 8
2 0 1 2 4 8 32
GROUP 96 228
2 0
2 1 1
2 2 1 2
2 1 1 3 7
3 0 1 2 4 8
2 1 1 2 4 8 32
GROUP 96 229
2 0
2 1 1
2 2 1 2
2 1 1 3 7
3 0 1 2 4 8
2 6 1 2 4 12 32
GROUP 96 230
2 0
2 1 1
2 2 1 2
2 1 1 3 7
3 0 1 2 4 8
2 7 1 2 4 12 32
GROUP 96 231
2 0
2 1 1
2 2 1 2
2 1 1 3 7
3 0 1 2 4 8
2 0 1 2 5 8 32
